********************************************************************************
LOGGING TIME: 20171101_204733
CLIENT IP: 10.102.35.184
USERNAME: sandeep2103
OS: Windows 10
**********************************Emotional database********************************************************************************
MM, 473, 391, 1507533521293
MM, 362, 172, 480
MM, 359, 166, 13
MM, 356, 163, 12
MM, 355, 163, 12
MM, 354, 161, 25
MM, 353, 161, 87
MM, 352, 162, 11
MM, 351, 162, 13
MM, 348, 162, 13
MM, 347, 163, 12
MM, 344, 163, 24
MM, 343, 163, 13
MM, 342, 163, 12
MM, 340, 159, 13
MM, 339, 154, 11
MM, 337, 147, 14
MM, 335, 143, 11
MM, 333, 139, 13
MM, 331, 136, 11
MM, 328, 133, 14
MM, 324, 131, 12
MM, 320, 129, 12
MM, 318, 127, 13
MM, 316, 126, 11
MM, 313, 121, 38
MM, 313, 120, 13
MM, 313, 119, 12
MP, 1, 49
MR, 1, 86
MM, 314, 117, 99
MM, 315, 117, 13
MM, 318, 121, 25
MM, 322, 131, 11
MM, 326, 143, 13
MM, 366, 274, 98
MM, 372, 281, 14
MM, 142, 42, 48
MM, 144, 47, 15
MM, 144, 50, 10
MM, 144, 44, 74
MM, 136, 32, 13
MM, 124, 14, 11
MM, 354, 247, 13
MM, 324, 158, 25
MM, 299, 79, 25
MM, 293, 64, 13
MM, 287, 52, 11
MM, 284, 48, 13
MM, 283, 46, 13
MM, 282, 44, 12
MM, 280, 44, 13
MM, 279, 44, 49
MM, 279, 47, 135
MM, 279, 49, 13
MM, 281, 57, 12
MM, 283, 68, 13
MM, 286, 78, 11
MM, 287, 83, 13
MM, 289, 87, 13
MM, 290, 90, 12
MM, 290, 91, 12
MM, 290, 92, 12
MM, 291, 93, 12
MP, 1, 137
MR, 1, 73
MC, 1, 0
MM, 291, 94, 87
MM, 291, 95, 13
MM, 296, 119, 457
MM, 309, 141, 12
MM, 367, 259, 48
MM, 373, 274, 13
MM, 130, 0, 11
MM, 138, 11, 13
MM, 168, 29, 49
MM, 174, 31, 13
MM, 175, 32, 12
MC, 1, 260
MM, 173, 44, 12161
MM, 170, 57, 12
MM, 169, 71, 13
MM, 420, 373, 13
MM, 422, 389, 11
MM, 424, 397, 12
MM, 425, 404, 13
MM, 425, 407, 13
MM, 425, 408, 11
MM, 425, 410, 13
MP, 1, 99
MR, 1, 86
MM, 425, 413, 38
MM, 174, 1, 11
MM, 174, 5, 14
MM, 174, 8, 10
MM, 174, 13, 13
MM, 174, 21, 13
MM, 174, 31, 12
MM, 174, 37, 12
MM, 174, 41, 14
MM, 174, 43, 11
MM, 174, 45, 12
MM, 174, 47, 50
MM, 173, 46, 321
MM, 176, 50, 297
MM, 181, 57, 12
MM, 188, 76, 12
MM, 449, 512, 12
MM, 1, 5, 13
MM, 7, 22, 12
MM, 466, 556, 13
MM, 10, 4, 13
MM, 10, 9, 24
MM, 11, 9, 74
MM, 12, 9, 62
MM, 15, 11, 172
MM, 18, 11, 25
MM, 29, 13, 11
MM, 6, 14, 13
MM, 22, 17, 13
MM, 564, 583, 24
MM, 6, 25, 14
MM, 14, 25, 10
MM, 16, 25, 13
MM, 18, 25, 13
MM, 18, 24, 111
MM, 18, 23, 39
MC, 1, 121
MM, 17, 23, 75
MM, 15, 24, 24
MM, 9, 27, 12
MM, 570, 595, 14
MM, 21, 10, 13
MM, 12, 19, 11
MM, 522, 631, 25
MM, 24, 1, 11
MM, 18, 2, 13
MM, 14, 4, 12
MM, 13, 4, 26
MM, 12, 4, 24
MC, 1, 173
MC, 2, 160
MM, 7, 4, 112
MM, 482, 637, 11
MM, 472, 632, 14
MM, 17, 7, 48
MM, 15, 3, 24
MM, 15, 2, 13
MM, 15, 1, 25
MM, 15, 0, 62
MM, 436, 596, 12
MM, 436, 595, 14
MM, 435, 593, 11
MM, 434, 591, 12
MM, 18, 28, 12
MM, 17, 26, 13
MM, 16, 24, 25
MC, 1, 98
MM, 17, 25, 25
MM, 18, 25, 13
MM, 20, 25, 24
MM, 21, 25, 25
MM, 22, 24, 12
MM, 23, 22, 13
MM, 26, 18, 11
MM, 30, 14, 13
MM, 31, 12, 12
MM, 33, 11, 13
MM, 34, 10, 12
MC, 1, 172
MM, 450, 570, 52
MM, 452, 570, 11
MM, 0, 10, 13
MM, 9, 10, 25
MM, 11, 10, 12
MM, 13, 10, 12
MM, 14, 10, 12
MC, 1, 135
MM, 17, 10, 136
MM, 21, 10, 14
MM, 490, 570, 24
MM, 25, 9, 24
MM, 4, 7, 12
MM, 7, 4, 25
MM, 642, 558, 38
MM, 23, 26, 49
MM, 748, 546, 26
MM, 754, 544, 11
MM, 758, 544, 13
MM, 762, 544, 11
MM, 763, 544, 14
MM, 766, 543, 12
MM, 767, 542, 12
MM, 749, 541, 591
MM, 29, 21, 13
MM, 13, 22, 25
MM, 33, 24, 26
MM, 25, 24, 11
MM, 618, 547, 25
MM, 25, 23, 12
MM, 578, 545, 25
MM, 23, 22, 12
MM, 536, 545, 37
MM, 532, 545, 25
MM, 34, 22, 25
MM, 34, 21, 24
MM, 33, 21, 24
MM, 31, 21, 38
MM, 25, 22, 24
MM, 19, 24, 13
MM, 3, 28, 43
MM, 491, 557, 19
MM, 11, 6, 38
MM, 2, 9, 23
MM, 455, 569, 25
MP, 1, 111
MR, 1, 86
MC, 1, 0
MM, 0, 9, 86
MM, 3, 9, 40
MM, 6, 10, 11
MM, 10, 12, 26
MM, 11, 13, 10
MM, 12, 13, 13
MM, 12, 14, 25
MC, 1, 86
MM, 12, 15, 284
MM, 12, 19, 12
MM, 15, 30, 13
MM, 10, 8, 13
MM, 10, 22, 11
MM, 24, 20, 25
MM, 73, 2, 24
MM, 73, 7, 26
MC, 1, 246
MM, 74, 4, 112
MM, 480, 669, 12
MM, 487, 661, 12
MM, 18, 11, 74
MC, 1, 148
MM, 16, 11, 62
MM, 25, 7, 50
MM, 29, 21, 25
MM, 333, 591, 24
MM, 311, 583, 25
MM, 309, 583, 13
MM, 308, 582, 11
MM, 308, 581, 25
MM, 308, 580, 33
MM, 313, 580, 152
MM, 322, 583, 12
MM, 329, 587, 12
MM, 333, 591, 13
MM, 335, 595, 12
MM, 336, 598, 13
MM, 337, 599, 11
MM, 338, 601, 13
MM, 338, 602, 13
MM, 1, 6, 12
MM, 10, 9, 26
MM, 17, 13, 11
MM, 21, 15, 12
MM, 25, 18, 13
MM, 28, 20, 13
MM, 30, 20, 11
MM, 30, 21, 12
MM, 30, 22, 13
MC, 1, 161
MM, 31, 22, 161
MM, 375, 619, 11
MM, 5, 22, 13
MM, 19, 23, 12
MM, 442, 629, 26
MM, 16, 2, 26
MM, 26, 3, 10
MM, 484, 638, 13
MM, 10, 5, 25
MM, 15, 6, 24
MM, 16, 6, 13
MM, 17, 6, 24
MM, 18, 6, 25
MM, 19, 6, 37
MM, 21, 6, 13
MM, 22, 6, 11
MM, 25, 7, 12
MM, 27, 8, 13
MM, 31, 8, 11
MM, 523, 643, 14
MM, 0, 10, 24
MM, 2, 10, 13
MM, 3, 11, 24
MM, 4, 11, 12
MM, 4, 12, 37
MM, 5, 12, 12
MM, 6, 12, 50
MM, 7, 12, 25
MM, 7, 13, 12
MC, 1, 101
MM, 5, 11, 122
MM, 0, 7, 11
MM, 32, 1, 12
MM, 511, 630, 14
MM, 0, 27, 24
MM, 28, 24, 26
MM, 20, 22, 25
MM, 17, 21, 11
MM, 12, 20, 25
MM, 10, 20, 12
MM, 9, 20, 12
MM, 8, 19, 13
MM, 7, 19, 12
MM, 6, 19, 13
MM, 5, 19, 12
MM, 3, 19, 12
MM, 461, 616, 13
MM, 458, 616, 12
MM, 31, 19, 24
MM, 28, 19, 26
MM, 25, 19, 12
MM, 23, 18, 12
MM, 19, 18, 26
MM, 19, 17, 23
MM, 18, 17, 13
MC, 1, 75
MM, 17, 17, 86
MM, 12, 17, 24
MM, 5, 17, 13
MM, 1, 17, 13
MM, 417, 614, 12
MM, 31, 17, 24
MM, 29, 17, 12
MM, 28, 17, 13
MM, 27, 17, 12
MM, 29, 17, 174
MM, 30, 17, 48
MM, 31, 17, 13
MM, 33, 18, 24
MM, 420, 618, 12
MM, 13, 29, 13
MM, 17, 19, 25
MM, 90, 1, 24
MM, 107, 29, 37
MM, 511, 708, 13
MM, 513, 715, 12
MM, 515, 719, 24
MM, 516, 719, 38
MP, 1, 73
MR, 1, 49
MC, 1, 0
MM, 516, 717, 50
MM, 516, 714, 13
MM, 516, 713, 12
MM, 516, 712, 13
MM, 516, 710, 12
MM, 516, 708, 12
MM, 516, 707, 12
MM, 516, 706, 13
MM, 516, 704, 12
MM, 516, 702, 13
MM, 116, 28, 11
MM, 116, 27, 14
MM, 116, 26, 24
MC, 1, 111
MM, 116, 25, 37
MM, 116, 23, 12
MM, 116, 22, 12
MM, 116, 20, 12
MM, 116, 19, 13
MM, 116, 18, 62
MM, 118, 17, 25
MM, 121, 16, 11
MM, 128, 15, 13
MM, 135, 14, 13
MM, 145, 11, 12
MM, 161, 9, 12
MM, 584, 674, 12
MM, 38, 24, 13
MM, 22, 26, 24
MM, 723, 608, 27
MM, 744, 604, 22
MM, 746, 603, 13
MM, 747, 603, 12
MM, 746, 602, 111
MM, 745, 602, 13
MM, 744, 602, 13
MM, 743, 602, 11
MM, 740, 602, 13
MM, 735, 602, 12
MM, 720, 605, 24
MM, 715, 606, 13
MM, 712, 606, 12
MM, 711, 606, 13
MM, 710, 606, 25
MM, 709, 606, 11
MM, 707, 606, 26
MM, 705, 607, 12
MM, 704, 607, 24
MM, 703, 607, 13
MM, 702, 608, 13
MM, 697, 609, 12
MM, 692, 609, 12
MM, 29, 12, 12
MM, 25, 12, 25
MM, 24, 12, 13
MC, 1, 173
MM, 23, 12, 62
MM, 22, 13, 11
MM, 21, 13, 13
MM, 18, 14, 12
MM, 13, 14, 13
MM, 4, 14, 12
MM, 652, 614, 12
MM, 3, 30, 25
MM, 1, 8, 25
MM, 16, 11, 13
MM, 29, 13, 36
MM, 12, 8, 26
MM, 3, 3, 11
MM, 366, 632, 13
MM, 14, 26, 24
MM, 10, 21, 26
MM, 10, 20, 11
MM, 9, 20, 13
MM, 9, 19, 11
MM, 8, 19, 13
MM, 7, 17, 13
MM, 6, 16, 12
MM, 5, 16, 12
MM, 4, 15, 25
MM, 4, 14, 12
MM, 5, 14, 13
MM, 7, 13, 12
MM, 8, 13, 25
MM, 10, 13, 172
MM, 11, 13, 13
MM, 12, 13, 25
MM, 14, 14, 13
MM, 17, 16, 12
MM, 25, 19, 12
MM, 374, 617, 12
MM, 4, 21, 27
MM, 5, 21, 11
MM, 6, 21, 13
MM, 6, 20, 85
MM, 7, 20, 24
MC, 1, 101
MM, 9, 19, 72
MM, 14, 18, 13
MM, 21, 17, 12
MM, 29, 14, 12
MM, 416, 609, 13
MM, 15, 4, 25
MM, 22, 1, 11
MM, 446, 596, 13
MM, 447, 595, 12
MM, 448, 595, 26
MM, 449, 594, 12
MM, 449, 593, 24
MP, 1, 99
MR, 1, 79
MM, 450, 591, 8
MP, 1, 0
MR, 1, 25
MM, 454, 585, 12
MP, 1, 85
MR, 1, 25
MC, 1, 0
MM, 455, 585, 74
MM, 1, 25, 12
MM, 2, 25, 13
MM, 8, 25, 25
MM, 10, 25, 13
MM, 13, 25, 11
MM, 18, 25, 14
MM, 27, 25, 11
MM, 3, 23, 24
MM, 8, 22, 26
MM, 9, 22, 12
MM, 10, 21, 24
MM, 11, 21, 38
MC, 1, 247
MM, 11, 22, 222
MM, 11, 27, 13
MM, 505, 592, 11
MM, 6, 5, 26
MM, 6, 24, 24
MM, 505, 629, 13
MM, 17, 2, 26
MM, 17, 3, 35
MM, 17, 4, 62
MM, 16, 4, 25
MM, 16, 5, 12
MM, 16, 6, 12
MM, 16, 9, 12
MM, 15, 15, 13
MM, 15, 22, 12
MM, 15, 27, 13
MM, 502, 665, 27
MM, 502, 666, 22
MM, 501, 666, 26
MM, 501, 667, 11
MM, 501, 669, 98
MM, 101, 1, 13
MM, 101, 5, 13
MM, 101, 11, 25
MM, 101, 12, 11
MM, 101, 13, 25
MC, 1, 88
MM, 102, 13, 296
MM, 107, 13, 11
MM, 115, 13, 12
MM, 126, 11, 13
MM, 16, 26, 26
MM, 667, 629, 25
MM, 26, 24, 11
MM, 691, 618, 25
MM, 693, 617, 12
MM, 692, 616, 149
MM, 691, 616, 24
MM, 690, 616, 12
MM, 30, 19, 13
MM, 29, 19, 27
MM, 26, 19, 72
MM, 25, 19, 12
MM, 24, 19, 13
MM, 23, 19, 24
MM, 23, 18, 209
MM, 22, 17, 13
MM, 18, 9, 11
MM, 16, 1, 14
MM, 22, 28, 12
MM, 20, 22, 25
MM, 20, 20, 25
MM, 19, 20, 197
MM, 18, 20, 24
MC, 1, 112
MM, 17, 21, 62
MM, 16, 21, 12
MM, 15, 23, 13
MM, 9, 30, 11
MM, 652, 597, 13
MM, 24, 11, 26
MM, 2, 21, 24
MM, 29, 30, 12
MM, 10, 23, 24
MM, 142, 8, 25
MM, 130, 14, 25
MM, 130, 13, 49
MM, 130, 11, 25
MM, 130, 10, 13
MM, 130, 7, 12
MM, 7, 30, 24
MM, 9, 26, 25
MM, 9, 25, 12
MM, 12, 23, 25
MM, 12, 22, 13
MM, 13, 20, 11
MM, 14, 19, 13
MC, 1, 136
MM, 14, 20, 37
MM, 13, 21, 24
MM, 12, 21, 12
MM, 11, 21, 259
MM, 9, 18, 13
MM, 6, 11, 12
MM, 3, 4, 13
MM, 1, 0, 11
MM, 527, 631, 26
MM, 526, 631, 25
MM, 526, 630, 24
MM, 525, 630, 12
MM, 523, 628, 13
MM, 22, 30, 12
MM, 20, 29, 24
MM, 19, 29, 38
MC, 1, 123
MM, 17, 29, 173
MM, 15, 27, 12
MM, 14, 26, 13
MM, 9, 24, 11
MM, 0, 17, 14
MM, 16, 0, 25
MM, 453, 582, 25
MM, 26, 18, 12
MM, 17, 13, 24
MM, 16, 12, 12
MC, 1, 198
MM, 17, 12, 37
MM, 18, 12, 24
MM, 20, 12, 25
MM, 21, 12, 13
MM, 24, 12, 11
MM, 27, 12, 13
MM, 31, 12, 13
MM, 0, 13, 23
MM, 5, 15, 26
MM, 6, 15, 12
MM, 7, 15, 13
MC, 1, 160
MM, 7, 16, 62
MM, 7, 17, 25
MM, 8, 20, 13
MM, 9, 30, 12
MM, 4, 1, 13
MM, 469, 629, 24
MM, 23, 19, 25
MM, 23, 29, 24
MM, 472, 666, 13
MM, 72, 0, 25
MM, 72, 1, 24
MM, 72, 2, 12
MM, 72, 3, 37
MM, 72, 5, 24
MM, 72, 6, 37
MC, 1, 199
MM, 68, 3, 86
MM, 459, 670, 12
MM, 25, 14, 25
MM, 422, 631, 12
MM, 32, 15, 25
MM, 28, 10, 25
MM, 27, 8, 13
MM, 26, 6, 11
MM, 25, 3, 25
MM, 24, 2, 26
MM, 24, 1, 11
MM, 23, 1, 13
MM, 23, 0, 74
MM, 402, 594, 24
MM, 28, 28, 13
MM, 26, 22, 24
MM, 25, 20, 12
MM, 25, 19, 13
MC, 1, 136
MM, 26, 19, 86
MM, 30, 19, 12
MM, 412, 582, 13
MM, 30, 26, 24
MM, 14, 6, 25
MM, 493, 619, 26
MM, 4, 30, 26
MM, 517, 630, 36
MM, 530, 631, 23
MM, 538, 631, 12
MM, 544, 631, 13
MM, 562, 633, 25
MM, 569, 633, 12
MM, 571, 633, 13
MM, 574, 633, 11
MM, 575, 633, 14
MM, 575, 630, 97
MM, 34, 23, 13
MM, 33, 16, 12
MM, 31, 11, 12
MM, 30, 8, 25
MM, 28, 8, 173
MM, 27, 8, 25
MM, 25, 8, 24
MM, 24, 8, 13
MM, 21, 8, 12
MM, 15, 8, 13
MM, 539, 605, 12
MM, 11, 2, 25
MM, 496, 598, 12
MM, 480, 594, 26
MM, 477, 594, 23
MM, 476, 594, 25
MM, 474, 594, 50
MM, 473, 594, 13
MM, 471, 594, 12
MM, 469, 594, 24
MM, 467, 594, 12
MM, 463, 593, 13
MM, 456, 593, 24
MM, 454, 592, 13
MM, 452, 592, 25
MM, 452, 591, 11
MM, 451, 590, 25
MM, 34, 30, 26
MM, 34, 28, 11
MM, 33, 27, 13
MM, 32, 27, 37
MM, 32, 26, 50
MC, 1, 86
MM, 34, 26, 86
MM, 455, 588, 12
MM, 471, 594, 25
MM, 28, 3, 13
MM, 26, 26, 24
MM, 12, 11, 37
MM, 14, 13, 25
MM, 17, 13, 25
MM, 20, 13, 11
MM, 21, 13, 13
MM, 23, 13, 12
MM, 24, 13, 26
MM, 24, 14, 24
MM, 27, 17, 37
MM, 33, 22, 12
MM, 564, 658, 13
MM, 564, 660, 25
MM, 564, 659, 234
MM, 34, 25, 24
MM, 33, 25, 25
MM, 31, 25, 12
MM, 29, 25, 25
MM, 28, 24, 37
MC, 1, 125
MM, 26, 24, 160
MM, 23, 30, 12
MM, 549, 669, 12
MM, 131, 12, 25
MM, 115, 25, 26
MM, 112, 26, 11
MM, 111, 28, 12
MM, 109, 28, 26
MM, 109, 27, 196
MM, 109, 26, 74
MM, 108, 23, 284
MM, 106, 15, 13
MM, 102, 3, 12
MM, 3, 14, 12
MM, 5, 20, 25
MM, 28, 13, 37
MM, 26, 4, 25
MM, 25, 2, 13
MM, 25, 3, 61
MM, 25, 5, 12
MM, 25, 6, 12
MM, 25, 8, 26
MM, 24, 9, 12
MM, 24, 10, 24
MM, 24, 11, 13
MM, 24, 14, 11
MM, 24, 17, 13
MM, 438, 556, 25
MM, 23, 7, 13
MM, 26, 20, 24
MM, 27, 22, 12
MM, 33, 25, 26
MM, 451, 586, 11
MM, 1, 27, 25
MM, 6, 27, 25
MM, 7, 27, 12
MM, 8, 28, 12
MM, 9, 28, 25
MC, 1, 148
MM, 7, 28, 87
MM, 6, 28, 12
MM, 2, 27, 12
MM, 454, 585, 13
MM, 33, 23, 25
MM, 30, 22, 24
MM, 30, 21, 75
MC, 1, 73
MM, 31, 21, 74
MM, 33, 23, 25
MM, 450, 585, 13
MM, 1, 29, 25
MM, 4, 30, 12
MM, 462, 592, 25
MM, 463, 593, 11
MP, 1, 74
MR, 1, 87
MC, 1, 0
MM, 463, 594, 86
MM, 465, 596, 26
MM, 5, 3, 12
MM, 9, 8, 24
MM, 11, 9, 13
MM, 11, 10, 24
MC, 1, 161
MM, 10, 10, 74
MM, 9, 10, 37
MM, 7, 7, 13
MM, 3, 1, 14
MM, 0, 29, 10
MM, 28, 17, 25
MM, 24, 12, 24
MC, 1, 198
MM, 25, 12, 50
MM, 28, 12, 24
MM, 31, 12, 12
MM, 450, 572, 13
MM, 455, 572, 25
MM, 1, 12, 11
MM, 5, 12, 26
MC, 1, 135
MM, 6, 12, 49
MM, 8, 12, 25
MM, 13, 12, 12
MM, 20, 12, 13
MM, 17, 12, 24
MM, 0, 12, 39
MM, 27, 12, 23
MM, 605, 572, 25
MM, 1, 12, 25
MM, 14, 9, 25
MM, 26, 7, 24
MM, 29, 6, 12
MM, 644, 564, 24
MM, 645, 564, 13
MM, 647, 562, 25
MM, 0, 2, 24
MM, 643, 564, 247
MM, 642, 564, 25
MM, 30, 5, 12
MM, 28, 5, 13
MM, 25, 6, 25
MM, 24, 7, 12
MM, 24, 8, 13
MM, 23, 8, 12
MM, 24, 8, 197
MM, 27, 10, 13
MM, 643, 575, 13
MM, 5, 22, 25
MM, 13, 25, 11
MM, 685, 586, 24
MM, 14, 26, 26
MM, 727, 582, 24
MM, 737, 579, 12
MM, 747, 572, 25
MM, 750, 569, 13
MM, 755, 563, 24
MM, 756, 562, 13
MM, 756, 561, 12
MM, 757, 560, 13
MM, 754, 560, 147
MM, 747, 560, 13
MM, 734, 566, 11
MM, 18, 16, 13
MM, 643, 592, 25
MM, 618, 592, 26
MM, 613, 592, 11
MM, 610, 592, 13
MM, 609, 592, 12
MM, 608, 592, 62
MM, 607, 592, 25
MM, 608, 591, 73
MM, 609, 591, 13
MM, 610, 590, 24
MM, 0, 28, 13
MM, 1, 28, 12
MM, 3, 25, 13
MM, 5, 22, 11
MM, 7, 21, 13
MM, 9, 19, 13
MM, 11, 18, 13
MC, 1, 135
MM, 10, 18, 75
MM, 9, 18, 25
MM, 9, 19, 11
MM, 7, 20, 13
MM, 3, 24, 12
MM, 607, 589, 12
MM, 597, 593, 12
MM, 590, 596, 13
MM, 580, 599, 12
MM, 12, 7, 12
MM, 18, 15, 25
MM, 497, 617, 24
MM, 26, 21, 25
MM, 25, 21, 13
MM, 24, 21, 15
MM, 22, 21, 13
MM, 21, 21, 21
MM, 21, 20, 12
MM, 21, 19, 13
MM, 21, 18, 25
MM, 21, 17, 12
MM, 21, 16, 25
MM, 21, 15, 13
MM, 21, 14, 35
MM, 22, 11, 38
MM, 22, 10, 12
MM, 23, 10, 74
MM, 24, 10, 25
MM, 25, 10, 13
MM, 27, 10, 11
MM, 29, 11, 15
MM, 493, 609, 10
MM, 495, 610, 12
MM, 0, 13, 13
MM, 3, 14, 12
MM, 6, 15, 24
MC, 1, 149
MM, 5, 15, 51
MM, 4, 15, 23
MM, 3, 15, 12
MM, 1, 15, 25
MM, 498, 610, 13
MM, 493, 607, 12
MM, 14, 0, 24
MM, 470, 595, 13
MM, 467, 593, 40
MM, 467, 592, 10
MM, 465, 592, 24
MM, 7, 29, 13
MM, 3, 27, 11
MM, 0, 26, 13
MM, 453, 584, 13
MM, 452, 583, 12
MM, 450, 582, 26
MM, 450, 581, 23
MM, 34, 20, 12
MM, 34, 19, 12
MM, 33, 19, 14
MM, 32, 19, 73
MC, 1, 100
MM, 33, 19, 25
MM, 34, 19, 11
MM, 450, 580, 25
MM, 451, 580, 25
MM, 451, 581, 36
MM, 452, 581, 13
MM, 1, 21, 25
MM, 9, 21, 13
MM, 16, 21, 11
MM, 18, 21, 13
MM, 19, 21, 12
MC, 1, 173
MM, 18, 21, 37
MM, 17, 21, 13
MM, 16, 21, 11
MM, 14, 21, 15
MM, 11, 23, 10
MM, 4, 24, 13
MM, 29, 27, 12
MM, 431, 591, 13
MM, 26, 2, 26
MM, 13, 7, 11
MM, 4, 9, 12
MM, 378, 607, 12
MM, 33, 10, 25
MM, 33, 11, 13
MM, 374, 607, 248
MM, 376, 607, 23
MM, 377, 607, 13
MM, 379, 607, 12
MM, 2, 10, 12
MM, 11, 8, 13
MM, 0, 5, 12
MM, 479, 596, 24
MM, 495, 595, 13
MM, 503, 595, 13
MM, 506, 594, 11
MM, 509, 594, 25
MM, 512, 592, 63
MM, 514, 592, 12
MM, 515, 591, 11
MM, 22, 30, 13
MM, 22, 29, 25
MM, 21, 28, 271
MM, 17, 28, 26
MM, 11, 28, 11
MM, 3, 28, 14
MM, 30, 28, 11
MM, 12, 25, 13
MM, 32, 22, 12
MM, 19, 15, 24
MM, 17, 15, 13
MM, 16, 13, 12
MM, 15, 13, 37
MC, 1, 186
MM, 15, 14, 12
MM, 15, 15, 24
MM, 15, 16, 37
MM, 16, 17, 25
MM, 16, 18, 13
MM, 18, 21, 11
MM, 19, 24, 13
MM, 20, 29, 12
MM, 437, 594, 13
MM, 17, 0, 13
MM, 19, 1, 11
MM, 19, 3, 14
MM, 20, 3, 24
MM, 21, 3, 12
MM, 21, 4, 24
MC, 1, 149
MM, 22, 4, 62
MM, 23, 4, 24
MM, 25, 4, 37
MM, 29, 5, 13
MM, 461, 602, 12
MM, 12, 5, 13
MM, 8, 8, 25
MM, 33, 9, 11
MM, 10, 12, 13
MM, 615, 623, 38
MM, 6, 27, 11
MM, 628, 628, 25
MM, 630, 628, 13
MM, 630, 629, 36
MM, 632, 629, 25
MM, 632, 630, 12
MM, 633, 631, 13
MM, 635, 632, 12
MM, 638, 632, 24
MM, 28, 0, 13
MM, 650, 638, 13
MM, 5, 7, 12
MM, 13, 12, 24
MM, 17, 13, 13
MM, 20, 14, 12
MM, 26, 15, 13
MM, 686, 649, 11
MM, 691, 649, 13
MM, 697, 649, 12
MM, 702, 649, 13
MM, 711, 648, 26
MM, 720, 645, 11
MM, 731, 642, 12
MM, 740, 639, 13
MM, 746, 637, 11
MM, 750, 636, 14
MM, 753, 636, 12
MM, 754, 636, 12
MM, 755, 636, 13
MM, 753, 636, 308
MM, 747, 638, 12
MM, 735, 641, 12
MM, 724, 645, 12
MM, 703, 647, 13
MM, 685, 650, 11
MM, 23, 18, 13
MM, 18, 19, 12
MM, 15, 19, 13
MM, 14, 19, 13
MM, 13, 19, 24
MM, 12, 19, 87
MM, 14, 19, 320
MM, 16, 19, 26
MM, 22, 19, 11
MM, 27, 19, 13
MM, 686, 652, 12
MM, 694, 651, 14
MM, 709, 648, 11
MM, 721, 647, 12
MM, 730, 644, 13
MM, 735, 643, 12
MM, 739, 643, 13
MM, 740, 643, 12
MM, 742, 643, 12
MM, 743, 643, 14
MM, 745, 642, 11
MM, 749, 641, 13
MM, 752, 640, 11
MM, 755, 640, 13
MM, 757, 640, 13
MM, 758, 639, 12
MM, 759, 639, 24
MM, 762, 638, 87
MM, 763, 637, 12
MM, 764, 637, 26
MM, 766, 635, 11
MM, 769, 635, 13
MM, 0, 22, 12
MM, 1, 22, 13
MM, 2, 22, 12
