********************************************************************************
LOGGING TIME: 20171101_205017
CLIENT IP: 10.102.35.184
USERNAME: sandeep2103
OS: Windows 10
**********************************Emotional database********************************************************************************
MM, 520, 407, 1507533521307
MM, 518, 407, 650
MM, 515, 404, 13
MM, 494, 379, 38
MM, 204, 38, 12
MM, 425, 269, 13
MM, 351, 173, 24
MM, 332, 149, 12
MM, 322, 133, 15
MM, 314, 120, 9
MM, 286, 94, 75
MM, 282, 92, 12
MM, 281, 92, 26
MM, 280, 91, 12
MM, 280, 90, 24
MM, 277, 89, 13
MM, 275, 87, 12
MM, 275, 86, 12
MM, 275, 85, 37
MM, 277, 86, 111
MM, 280, 90, 13
MM, 289, 117, 51
MM, 289, 118, 23
MM, 289, 117, 246
MM, 289, 115, 25
MM, 289, 114, 13
MM, 294, 116, 371
MM, 300, 123, 11
MM, 309, 134, 14
MM, 356, 250, 73
MM, 363, 265, 12
MM, 368, 275, 13
MM, 374, 285, 11
MM, 124, 3, 14
MM, 126, 5, 12
MC, 1, 963
MM, 126, 9, 21507
MM, 125, 16, 12
MM, 125, 20, 13
MM, 124, 20, 12
MM, 124, 21, 13
MM, 123, 21, 24
MM, 123, 26, 62
MM, 123, 34, 12
MM, 123, 44, 13
MM, 123, 58, 11
MM, 140, 18, 63
MM, 156, 41, 12
MM, 168, 58, 12
MM, 176, 70, 13
MM, 182, 74, 12
MM, 186, 77, 13
MC, 1, 247
MM, 190, 76, 222
MM, 196, 76, 13
MM, 203, 79, 12
MM, 214, 85, 12
MM, 480, 507, 13
MM, 492, 515, 12
MM, 2, 0, 12
MM, 5, 5, 13
MM, 7, 8, 12
MM, 8, 10, 13
MM, 9, 10, 11
MM, 11, 10, 87
MM, 13, 10, 24
MM, 15, 12, 13
MM, 20, 16, 12
MM, 26, 20, 15
MM, 31, 23, 10
MM, 34, 26, 12
MM, 532, 549, 13
MM, 532, 550, 13
MM, 532, 551, 13
MM, 532, 553, 23
MM, 532, 555, 12
MM, 529, 556, 13
MM, 525, 557, 12
MM, 521, 558, 12
MM, 25, 0, 13
MM, 24, 2, 13
MM, 22, 3, 12
MM, 21, 5, 12
MM, 21, 6, 12
MM, 20, 6, 13
MM, 20, 8, 160
MM, 23, 10, 50
MM, 27, 13, 12
MM, 526, 578, 12
MM, 530, 582, 12
MM, 2, 28, 13
MM, 536, 593, 12
MM, 0, 3, 26
MM, 1, 6, 11
MM, 1, 8, 13
MM, 2, 9, 12
MM, 2, 10, 14
MC, 1, 209
MM, 1, 10, 74
MM, 30, 5, 12
MM, 5, 12, 26
MM, 413, 560, 37
MM, 410, 560, 10
MM, 408, 559, 13
MM, 407, 559, 12
MP, 1, 149
MR, 1, 74
MC, 1, 0
MM, 408, 559, 37
MM, 412, 560, 13
MM, 12, 6, 49
MC, 1, 210
MM, 18, 13, 209
MM, 26, 26, 13
MM, 28, 1, 12
MM, 460, 620, 13
MM, 92, 7, 25
MM, 103, 23, 24
MM, 105, 24, 13
MM, 105, 25, 12
MM, 106, 25, 13
MC, 1, 259
MM, 106, 23, 86
MM, 107, 19, 12
MM, 108, 10, 12
MM, 108, 3, 13
MM, 508, 666, 13
MM, 20, 18, 12
MM, 503, 632, 25
MM, 500, 628, 12
MM, 498, 626, 13
MM, 497, 625, 12
MM, 497, 624, 13
MM, 497, 623, 24
MM, 497, 621, 25
MM, 0, 19, 12
MM, 4, 6, 13
MM, 16, 29, 11
MM, 20, 18, 25
MM, 20, 17, 13
MM, 21, 16, 13
MM, 21, 15, 12
MM, 21, 14, 37
MM, 21, 13, 11
MC, 1, 161
MM, 22, 13, 62
MM, 29, 13, 25
MM, 1, 13, 12
MM, 8, 13, 14
MM, 13, 13, 11
MM, 22, 11, 62
MC, 1, 148
MM, 25, 11, 74
MM, 31, 11, 13
MM, 0, 11, 13
MM, 29, 11, 24
MM, 12, 11, 37
MM, 27, 11, 26
MM, 646, 573, 23
MM, 6, 14, 24
MM, 9, 14, 13
MM, 18, 15, 25
MM, 23, 15, 13
MM, 25, 15, 12
MM, 29, 15, 24
MM, 32, 16, 13
MM, 683, 576, 12
MM, 685, 576, 12
MM, 0, 16, 25
MM, 2, 16, 12
MM, 3, 16, 12
MM, 6, 16, 27
MM, 9, 16, 11
MM, 11, 16, 12
MM, 14, 16, 12
MM, 17, 16, 12
MM, 19, 16, 15
MM, 22, 16, 11
MM, 23, 16, 12
MM, 24, 16, 12
MM, 25, 16, 25
MC, 1, 86
MM, 24, 16, 37
MM, 23, 16, 13
MM, 19, 16, 13
MM, 16, 16, 12
MM, 13, 16, 12
MM, 9, 16, 12
MM, 14, 8, 49
MM, 9, 8, 26
MM, 8, 8, 12
MM, 7, 8, 24
MM, 6, 8, 62
MM, 646, 571, 49
MM, 27, 13, 13
MM, 22, 15, 26
MM, 21, 15, 10
MM, 20, 15, 13
MM, 15, 20, 260
MM, 2, 28, 12
MM, 16, 1, 13
MM, 9, 21, 25
MM, 28, 28, 24
MM, 518, 629, 24
MM, 515, 631, 25
MM, 514, 632, 25
MM, 514, 633, 24
MM, 23, 3, 75
MM, 17, 9, 12
MM, 12, 12, 12
MM, 6, 16, 12
MM, 2, 17, 13
MM, 487, 652, 13
MM, 20, 16, 25
MM, 8, 12, 11
MM, 447, 644, 13
MM, 15, 7, 26
MM, 0, 7, 10
MM, 30, 7, 13
MM, 24, 6, 25
MM, 24, 4, 24
MM, 24, 3, 25
MM, 24, 2, 25
MM, 26, 1, 149
MM, 27, 1, 12
MM, 28, 1, 12
MM, 31, 1, 12
MM, 32, 1, 12
MM, 403, 635, 13
MM, 404, 635, 13
MM, 405, 635, 61
MM, 406, 635, 13
MM, 0, 1, 12
MM, 3, 1, 12
MM, 5, 1, 12
MM, 8, 1, 13
MM, 11, 2, 12
MM, 14, 3, 12
MM, 17, 4, 14
MM, 19, 4, 11
MM, 23, 4, 24
MM, 24, 5, 13
MM, 32, 5, 99
MM, 3, 0, 12
MM, 24, 21, 26
MM, 545, 591, 25
MM, 8, 18, 23
MM, 657, 526, 13
MM, 484, 88, 25
MM, 559, 76, 24
MM, 575, 74, 13
MM, 585, 74, 12
MM, 592, 74, 13
MM, 596, 74, 12
MM, 599, 74, 13
MM, 600, 74, 24
MM, 600, 75, 98
MM, 600, 77, 25
MM, 600, 81, 13
MM, 600, 88, 13
MM, 851, 514, 11
MM, 849, 522, 13
MM, 758, 555, 334
MM, 30, 3, 12
MM, 8, 14, 25
MM, 20, 19, 11
MM, 7, 29, 25
MM, 7, 0, 38
MM, 25, 6, 25
MM, 6, 19, 27
MM, 496, 626, 16
MM, 17, 12, 18
MM, 2, 19, 12
MM, 28, 24, 25
MM, 26, 25, 25
MM, 25, 25, 12
MM, 23, 27, 86
MM, 21, 28, 12
MM, 18, 29, 13
MM, 418, 665, 24
MM, 413, 665, 13
MM, 411, 665, 12
MM, 410, 665, 24
MM, 1, 30, 26
MM, 1, 29, 38
MM, 3, 29, 23
MM, 4, 28, 25
MM, 5, 28, 12
MM, 6, 28, 38
MC, 1, 74
MM, 6, 27, 87
MM, 5, 26, 36
MM, 4, 25, 13
MM, 2, 20, 12
MM, 407, 646, 12
MM, 404, 641, 13
MM, 29, 1, 12
MM, 5, 29, 25
MM, 33, 22, 26
MM, 29, 18, 24
MM, 28, 16, 12
MM, 27, 16, 12
MM, 27, 15, 26
MC, 1, 135
MM, 32, 15, 87
MM, 379, 612, 11
MM, 14, 15, 13
MM, 10, 13, 25
MM, 582, 596, 24
MM, 631, 594, 12
MM, 655, 593, 13
MM, 669, 593, 13
MM, 679, 593, 11
MM, 685, 593, 25
MM, 687, 593, 13
MM, 688, 593, 12
MM, 690, 593, 25
MM, 692, 593, 25
MM, 693, 593, 12
MM, 695, 593, 12
MM, 697, 593, 12
MM, 704, 593, 14
MM, 709, 593, 12
MM, 713, 593, 11
MM, 715, 593, 14
MM, 715, 595, 24
MM, 715, 597, 24
MM, 715, 598, 12
MM, 714, 599, 13
MM, 712, 600, 12
MM, 706, 601, 13
MM, 697, 605, 13
MM, 690, 608, 12
MM, 28, 13, 12
MM, 26, 15, 12
MM, 25, 16, 13
MM, 24, 16, 13
MC, 1, 135
MM, 22, 16, 136
MM, 19, 18, 12
MM, 14, 21, 13
MM, 657, 633, 24
MM, 20, 12, 25
MM, 35, 22, 25
MM, 0, 30, 25
MM, 554, 668, 12
MM, 144, 1, 12
MM, 138, 3, 24
MC, 1, 260
MM, 139, 3, 50
MM, 140, 3, 25
MM, 141, 3, 11
MM, 142, 3, 13
MM, 145, 3, 12
MM, 549, 670, 13
MM, 27, 20, 25
MM, 30, 30, 11
MM, 24, 10, 26
MM, 29, 8, 25
MM, 31, 8, 136
MM, 34, 9, 11
MM, 684, 571, 13
MM, 686, 575, 12
MM, 687, 577, 12
MM, 688, 584, 29
MM, 688, 586, 8
MM, 688, 587, 12
MM, 688, 588, 13
MM, 687, 588, 62
MM, 685, 589, 11
MM, 682, 591, 13
MM, 679, 593, 12
MM, 676, 594, 13
MM, 675, 595, 12
MM, 15, 0, 12
MM, 14, 2, 12
MM, 12, 4, 25
MM, 10, 5, 13
MM, 10, 6, 12
MM, 8, 7, 12
MM, 5, 9, 13
MC, 1, 854
MM, 4, 9, 209
MM, 656, 606, 12
MM, 23, 10, 12
MM, 613, 607, 26
MM, 5, 10, 12
MM, 9, 10, 24
MM, 535, 607, 26
MM, 534, 607, 25
MM, 34, 10, 36
MM, 27, 10, 62
MM, 21, 10, 12
MM, 9, 10, 12
MM, 17, 7, 12
MM, 24, 4, 25
MM, 15, 2, 26
MM, 12, 1, 11
MM, 11, 1, 13
MM, 11, 0, 73
MM, 432, 596, 75
MM, 432, 595, 49
MM, 432, 594, 12
MM, 432, 593, 13
MM, 432, 592, 12
MM, 432, 591, 38
MM, 16, 29, 24
MM, 15, 27, 11
MM, 14, 26, 13
MM, 14, 25, 12
MC, 1, 90
MM, 13, 25, 245
MM, 12, 27, 12
MM, 9, 29, 13
MM, 5, 9, 48
MM, 17, 15, 26
MM, 7, 18, 25
MM, 5, 18, 12
MM, 4, 18, 24
MM, 3, 19, 50
MC, 1, 149
MM, 5, 19, 37
MM, 6, 19, 12
MM, 9, 19, 12
MM, 13, 19, 12
MM, 19, 19, 13
MM, 31, 19, 12
MM, 14, 19, 25
MM, 26, 19, 12
MM, 19, 17, 25
MM, 457, 613, 26
MM, 461, 613, 25
MM, 460, 613, 73
MM, 459, 613, 25
MM, 458, 613, 11
MM, 457, 613, 50
MM, 456, 613, 24
MM, 34, 16, 13
MM, 33, 17, 223
MM, 34, 17, 49
MM, 34, 20, 25
MM, 457, 626, 12
MM, 458, 633, 13
MM, 12, 17, 24
MM, 14, 28, 13
MM, 65, 3, 12
MM, 67, 11, 24
MM, 67, 12, 25
MM, 67, 13, 13
MC, 1, 184
MM, 68, 11, 235
MM, 70, 7, 12
MM, 72, 4, 13
MM, 76, 1, 12
MM, 480, 670, 12
MM, 488, 665, 25
MM, 1, 30, 12
MM, 6, 29, 25
MM, 7, 28, 13
MM, 10, 26, 12
MM, 13, 25, 12
MM, 14, 24, 25
MM, 15, 24, 12
MM, 15, 23, 25
MM, 19, 20, 25
MM, 22, 18, 13
MM, 23, 17, 12
MM, 26, 17, 11
MM, 29, 16, 15
MM, 34, 14, 10
MM, 17, 8, 25
MM, 27, 4, 12
MM, 581, 630, 25
MM, 0, 23, 26
MM, 17, 16, 11
MM, 652, 607, 13
MM, 680, 596, 26
MM, 688, 594, 11
MM, 9, 29, 24
MM, 10, 28, 14
MM, 12, 27, 12
MM, 13, 26, 24
MM, 13, 25, 75
MM, 13, 24, 49
MC, 1, 309
MM, 12, 24, 12
MM, 11, 24, 50
MM, 9, 24, 36
MM, 6, 24, 13
MM, 688, 584, 13
MM, 8, 25, 26
MM, 18, 29, 10
MM, 5, 0, 39
MM, 9, 10, 23
MM, 0, 19, 26
MM, 49, 22, 25
MM, 46, 22, 23
MM, 46, 23, 14
MM, 48, 23, 86
MM, 51, 23, 11
MM, 56, 21, 13
MM, 338, 614, 13
MM, 14, 10, 25
MM, 33, 6, 25
MM, 3, 5, 11
MM, 15, 4, 25
MM, 18, 2, 24
MM, 20, 2, 14
MM, 20, 1, 11
MM, 21, 0, 12
MM, 402, 596, 13
MM, 403, 595, 38
MM, 404, 595, 85
MM, 410, 591, 38
MM, 4, 25, 13
MM, 12, 16, 11
MM, 15, 12, 12
MM, 17, 9, 25
MM, 18, 9, 24
MC, 1, 186
MM, 25, 10, 235
MM, 451, 576, 12
MM, 13, 26, 12
MM, 28, 15, 25
MM, 505, 628, 24
MM, 23, 4, 25
MM, 24, 8, 13
MM, 26, 17, 25
MM, 27, 23, 12
MM, 27, 30, 12
MM, 516, 669, 13
MM, 118, 2, 29
MM, 120, 5, 20
MM, 121, 5, 13
MM, 123, 6, 12
MM, 124, 6, 24
MM, 125, 6, 13
MM, 126, 6, 12
MM, 128, 6, 24
MM, 130, 6, 50
MM, 133, 2, 12
MM, 539, 667, 13
MM, 17, 26, 25
MM, 18, 24, 12
MM, 18, 23, 25
MC, 1, 111
MM, 17, 23, 63
MM, 15, 23, 12
MM, 12, 23, 12
MM, 8, 23, 12
MM, 30, 20, 26
MM, 4, 16, 23
MM, 484, 649, 26
MM, 31, 15, 26
MM, 29, 15, 10
MM, 28, 15, 13
MM, 27, 15, 36
MM, 22, 16, 38
MM, 16, 17, 13
MM, 10, 19, 12
MM, 6, 20, 13
MM, 3, 20, 12
MM, 444, 654, 25
MM, 27, 20, 11
MM, 19, 20, 25
MM, 19, 19, 13
MM, 18, 19, 12
MM, 21, 19, 174
MM, 22, 19, 12
MM, 23, 19, 11
MM, 26, 18, 13
MM, 31, 16, 14
MM, 491, 633, 23
MM, 0, 18, 12
MM, 595, 593, 25
MM, 605, 590, 25
MM, 606, 590, 12
MM, 607, 589, 12
MM, 607, 588, 37
MM, 607, 587, 14
MM, 607, 586, 24
MM, 608, 584, 13
MM, 0, 22, 12
MM, 14, 15, 24
MM, 18, 12, 13
MM, 20, 11, 12
MC, 1, 160
MM, 21, 12, 86
MM, 23, 13, 13
MM, 25, 15, 12
MM, 27, 19, 13
MM, 642, 592, 24
MM, 27, 0, 12
MM, 31, 5, 26
MM, 33, 5, 12
MM, 653, 604, 24
MM, 654, 604, 13
MM, 655, 604, 37
MM, 655, 605, 50
MP, 1, 1
MR, 1, 73
MC, 1, 0
MM, 656, 605, 49
MM, 0, 9, 25
MM, 2, 11, 12
MM, 3, 12, 13
MM, 4, 12, 12
MM, 5, 12, 26
MC, 1, 110
MM, 5, 13, 74
MM, 5, 14, 25
MM, 4, 15, 25
MM, 654, 615, 12
MM, 11, 28, 26
MM, 604, 629, 11
MM, 1, 5, 25
MM, 29, 12, 25
MM, 25, 16, 25
MM, 23, 17, 61
MM, 22, 19, 12
MM, 22, 20, 12
MM, 22, 21, 124
MM, 22, 24, 13
MM, 20, 27, 11
MM, 19, 30, 14
MM, 545, 666, 12
MM, 541, 670, 24
MM, 138, 2, 12
MM, 133, 6, 28
MM, 133, 8, 22
MC, 1, 273
MM, 123, 8, 319
MM, 107, 8, 14
MM, 91, 8, 11
MM, 76, 7, 13
MM, 49, 2, 12
MM, 7, 27, 24
MM, 31, 18, 26
MM, 29, 15, 24
MM, 30, 15, 112
MM, 32, 15, 13
MM, 404, 649, 11
MM, 404, 651, 29
MM, 405, 651, 10
MM, 406, 651, 23
MM, 1, 17, 37
MM, 3, 17, 14
MM, 5, 18, 11
MM, 6, 18, 12
MC, 1, 112
MM, 5, 18, 62
MM, 4, 18, 13
MM, 2, 18, 11
MM, 0, 17, 13
MM, 406, 649, 12
MM, 31, 7, 24
MM, 27, 2, 26
MM, 26, 0, 11
MM, 23, 0, 13
MM, 390, 632, 25
MM, 387, 631, 11
MM, 383, 629, 25
MM, 381, 628, 13
MM, 0, 30, 12
MM, 377, 625, 25
MM, 375, 621, 26
MM, 34, 23, 10
MM, 33, 22, 15
MM, 33, 21, 23
MC, 1, 86
MM, 34, 21, 63
MM, 375, 618, 24
MM, 1, 22, 12
MM, 24, 23, 25
MM, 2, 24, 13
MM, 24, 10, 49
MM, 14, 21, 25
MM, 34, 30, 40
MM, 604, 666, 10
MM, 604, 669, 11
MM, 603, 669, 136
MM, 602, 669, 13
MM, 600, 669, 12
MM, 596, 669, 12
MM, 575, 669, 25
MM, 567, 665, 13
MM, 32, 29, 11
MM, 29, 27, 13
MM, 28, 25, 26
MM, 28, 24, 12
MC, 1, 172
MM, 28, 26, 111
MM, 27, 28, 13
MM, 551, 669, 12
MM, 143, 4, 13
MM, 127, 19, 24
MM, 517, 705, 26
MM, 515, 706, 24
MM, 514, 706, 12
MM, 514, 705, 62
MM, 514, 704, 12
MM, 515, 704, 13
MM, 515, 703, 12
MM, 515, 702, 25
MM, 115, 30, 86
MM, 114, 28, 507
MM, 111, 21, 12
MM, 104, 11, 13
MM, 97, 2, 12
MM, 492, 669, 12
MM, 487, 666, 25
MM, 485, 665, 24
MM, 484, 665, 13
MM, 483, 664, 12
MM, 32, 29, 24
MM, 30, 28, 25
MM, 29, 27, 13
MM, 28, 26, 24
MM, 24, 24, 25
MM, 22, 21, 13
MM, 9, 10, 25
MM, 447, 635, 25
MM, 442, 630, 25
MM, 18, 29, 24
MM, 17, 26, 24
MM, 17, 25, 26
MM, 17, 24, 24
MM, 17, 23, 25
MC, 1, 309
MM, 18, 23, 111
MM, 19, 21, 11
MM, 32, 8, 25
MM, 0, 0, 13
MM, 15, 26, 25
MM, 19, 17, 37
MM, 19, 14, 11
MM, 19, 12, 25
MM, 19, 10, 13
MM, 19, 9, 24
MM, 19, 8, 13
MC, 1, 100
MM, 19, 9, 24
MM, 12, 15, 24
MM, 5, 18, 14
MM, 2, 19, 197
MM, 455, 581, 11
MM, 33, 25, 26
MM, 427, 594, 25
MM, 30, 1, 25
MM, 23, 4, 24
MM, 21, 5, 24
MM, 20, 5, 13
MM, 18, 5, 25
MM, 16, 5, 12
MM, 12, 5, 12
MM, 2, 6, 25
MM, 375, 604, 24
MM, 32, 8, 13
MM, 27, 9, 25
MM, 26, 9, 12
MM, 28, 9, 198
MM, 29, 8, 24
MM, 30, 6, 26
MM, 32, 0, 11
MM, 8, 27, 25
MM, 12, 23, 27
MC, 1, 122
MM, 13, 23, 148
MM, 15, 25, 13
MM, 390, 592, 12
MM, 21, 11, 26
MM, 16, 2, 23
MM, 30, 23, 24
MM, 445, 665, 25
MM, 447, 667, 25
MM, 447, 668, 12
MM, 447, 669, 13
MM, 448, 669, 12
MM, 449, 669, 25
MM, 50, 0, 25
MM, 53, 3, 12
MM, 60, 9, 24
MM, 63, 10, 14
MM, 65, 13, 12
MM, 66, 14, 12
MM, 68, 15, 25
MM, 68, 16, 12
MC, 1, 148
MM, 68, 15, 124
MM, 70, 13, 12
MM, 72, 10, 12
MM, 75, 7, 13
MM, 79, 3, 12
MM, 491, 665, 25
MM, 12, 22, 25
MM, 16, 16, 12
MM, 20, 9, 25
MM, 23, 5, 24
MM, 23, 4, 13
MM, 24, 3, 12
MM, 25, 0, 14
MM, 515, 629, 23
MM, 21, 10, 26
MM, 522, 596, 12
MM, 24, 8, 36
MM, 23, 5, 13
MM, 21, 4, 13
MM, 20, 4, 26
MM, 19, 4, 23
MM, 18, 4, 25
MM, 17, 6, 24
MM, 16, 6, 24
MM, 14, 8, 13
MM, 13, 9, 25
MC, 1, 173
MM, 14, 9, 86
MM, 15, 10, 13
MM, 22, 17, 24
MM, 27, 24, 13
MM, 526, 593, 11
MM, 32, 4, 26
MM, 34, 6, 25
MM, 534, 603, 11
MM, 534, 604, 13
MM, 535, 604, 25
MM, 536, 604, 284
MM, 539, 601, 12
MM, 547, 595, 14
MM, 30, 27, 23
MM, 0, 23, 13
MM, 33, 20, 24
MM, 30, 16, 25
MM, 6, 11, 25
MM, 727, 570, 25
MM, 767, 567, 25
MM, 781, 565, 12
MM, 813, 564, 24
MM, 823, 564, 13
MM, 829, 564, 12
MM, 833, 564, 24
MM, 834, 564, 25
MM, 834, 563, 149
MM, 834, 560, 12
MM, 831, 557, 12
MM, 782, 559, 322
MM, 759, 566, 12
MM, 730, 573, 13
MM, 10, 17, 11
MM, 11, 23, 27
MM, 5, 24, 24
MM, 21, 24, 12
MM, 14, 24, 38
MM, 23, 24, 25
MM, 10, 24, 24
MM, 8, 23, 12
MM, 7, 23, 12
MM, 6, 23, 13
MM, 5, 23, 11
MM, 1, 23, 51
MM, 451, 584, 12
MM, 28, 26, 12
MM, 5, 1, 26
MM, 24, 28, 24
MM, 6, 8, 24
MM, 365, 646, 25
MM, 364, 647, 12
MM, 32, 13, 38
MM, 31, 13, 36
MM, 30, 13, 61
MM, 29, 13, 13
MM, 28, 13, 26
MM, 27, 13, 13
MM, 26, 13, 12
MM, 25, 13, 12
MM, 25, 12, 12
MM, 25, 10, 13
MM, 25, 9, 11
MM, 25, 6, 13
MM, 25, 3, 12
MM, 25, 0, 13
MM, 356, 632, 11
MM, 356, 629, 13
MM, 19, 28, 25
MM, 20, 25, 11
MM, 21, 22, 13
MC, 1, 174
MM, 21, 23, 98
MM, 21, 26, 25
MM, 21, 28, 12
MM, 360, 628, 17
MM, 360, 629, 8
MM, 360, 630, 26
MM, 363, 631, 12
MM, 0, 0, 13
MM, 13, 2, 11
MM, 25, 6, 13
MM, 11, 8, 11
MM, 11, 8, 25
MM, 24, 4, 38
MM, 4, 4, 25
MM, 28, 5, 26
MM, 9, 5, 10
MM, 31, 6, 25
MM, 610, 640, 13
MM, 8, 7, 26
MM, 12, 8, 10
MM, 15, 8, 13
MM, 18, 8, 12
MM, 19, 8, 12
MM, 21, 8, 25
MM, 21, 7, 12
MM, 21, 5, 13
MM, 23, 4, 12
MM, 643, 629, 13
MM, 31, 24, 13
MM, 656, 611, 24
MM, 1, 12, 11
MM, 3, 11, 13
MM, 4, 11, 25
MM, 4, 12, 160
MM, 2, 15, 12
MM, 652, 627, 12
MM, 18, 12, 13
MM, 600, 687, 25
MM, 597, 691, 12
MM, 594, 691, 12
MM, 593, 692, 13
MM, 592, 692, 13
MM, 591, 692, 12
MM, 583, 692, 12
MM, 568, 691, 12
MM, 160, 20, 13
MM, 151, 18, 25
MM, 149, 17, 11
MM, 149, 16, 13
MM, 148, 16, 12
MM, 147, 15, 24
MM, 146, 15, 26
MM, 146, 14, 12
MM, 146, 13, 39
MM, 146, 13, 197
MM, 148, 13, 12
MM, 151, 12, 12
MM, 160, 9, 13
MM, 569, 675, 12
MM, 15, 28, 13
MM, 33, 15, 25
MM, 16, 0, 25
MM, 679, 592, 24
MM, 33, 30, 24
MM, 34, 28, 24
MM, 683, 587, 13
MM, 683, 588, 160
MM, 34, 29, 13
MM, 33, 30, 25
MM, 680, 591, 12
MM, 680, 592, 13
MM, 680, 593, 12
MM, 679, 593, 25
MP, 1, 61
MR, 1, 87
MC, 1, 0
MM, 678, 593, 50
MM, 677, 593, 11
MM, 674, 594, 25
MM, 668, 595, 13
MM, 2, 1, 12
MM, 655, 599, 12
MM, 31, 2, 25
MM, 31, 3, 62
MM, 31, 4, 13
MM, 31, 5, 11
MM, 31, 6, 14
MM, 32, 8, 24
MM, 652, 608, 12
MM, 654, 611, 12
MM, 656, 613, 13
MM, 0, 18, 12
MM, 2, 19, 25
MC, 1, 333
MM, 0, 16, 75
MM, 655, 608, 11
MM, 32, 4, 13
MM, 28, 0, 13
MM, 642, 593, 13
MM, 25, 30, 24
MM, 22, 29, 24
MM, 21, 29, 25
MC, 1, 173
MM, 21, 28, 48
MM, 20, 28, 88
MM, 19, 28, 13
MM, 18, 29, 11
MM, 15, 30, 13
MM, 616, 597, 13
MM, 20, 15, 11
MM, 33, 7, 26
MM, 526, 662, 24
MM, 520, 667, 12
MM, 516, 669, 13
MM, 515, 669, 25
MM, 515, 668, 61
MM, 515, 667, 25
MM, 516, 666, 37
MM, 518, 666, 12
MM, 520, 665, 14
MM, 525, 663, 11
MM, 0, 28, 13
MM, 2, 27, 11
MM, 3, 27, 25
MM, 4, 27, 13
MM, 4, 26, 37
MM, 5, 26, 37
MC, 1, 100
MM, 4, 26, 49
MM, 3, 26, 11
MM, 2, 26, 13
MM, 0, 26, 13
MM, 526, 660, 12
MM, 523, 658, 13
MM, 31, 20, 11
MM, 6, 0, 25
MM, 18, 28, 12
MM, 5, 20, 12
MM, 25, 6, 26
MM, 434, 596, 12
MM, 6, 23, 24
MM, 1, 16, 26
MM, 0, 15, 12
MM, 0, 14, 12
MM, 0, 13, 12
MM, 0, 12, 13
MM, 414, 571, 36
MP, 1, 62
MR, 1, 100
MC, 1, 0
MM, 0, 11, 24
MM, 1, 11, 14
MM, 3, 12, 23
MM, 4, 14, 13
MM, 6, 15, 11
MM, 8, 18, 13
MM, 10, 20, 12
MM, 11, 23, 13
MM, 13, 25, 12
MM, 16, 29, 12
MM, 15, 2, 13
MM, 34, 28, 25
MM, 14, 1, 11
MM, 22, 13, 26
MM, 23, 15, 12
MM, 23, 16, 13
MM, 23, 15, 63
MM, 23, 13, 11
MM, 22, 10, 12
MM, 466, 629, 12
MM, 456, 611, 13
MM, 445, 595, 12
MM, 22, 23, 12
MM, 9, 2, 26
MM, 421, 558, 12
MM, 420, 556, 12
MM, 419, 556, 13
MP, 1, 135
MR, 1, 74
MM, 419, 558, 37
MM, 419, 559, 38
MM, 4, 0, 49
MM, 5, 0, 49
MM, 6, 1, 12
MM, 6, 2, 12
MC, 1, 112
MM, 7, 5, 124
MM, 9, 8, 12
MM, 14, 19, 13
MM, 21, 30, 11
MM, 21, 2, 13
MM, 29, 25, 26
MM, 5, 0, 11
MM, 8, 15, 25
MM, 9, 20, 12
MM, 10, 29, 13
MM, 61, 6, 12
MM, 63, 26, 25
MM, 465, 702, 11
MM, 467, 706, 25
MM, 467, 707, 13
MP, 1, 198
MR, 1, 87
MC, 1, 0
MM, 467, 705, 24
MM, 467, 702, 12
MM, 67, 30, 13
MM, 67, 29, 12
MM, 67, 28, 12
MM, 67, 27, 25
MM, 67, 26, 26
MM, 67, 23, 212
MM, 69, 19, 9
MM, 73, 6, 12
MM, 29, 30, 13
MM, 25, 28, 26
MM, 492, 592, 24
MM, 492, 583, 24
MM, 492, 582, 24
MM, 493, 581, 25
MM, 0, 21, 37
MM, 1, 21, 62
MM, 2, 21, 25
MM, 3, 21, 24
MM, 4, 21, 25
MC, 1, 87
MM, 5, 21, 62
MM, 7, 21, 11
MM, 10, 21, 13
MM, 15, 21, 13
MM, 19, 21, 12
MM, 22, 21, 12
MM, 27, 22, 12
MM, 528, 584, 13
MM, 6, 27, 12
MM, 547, 593, 26
MM, 549, 595, 11
MM, 11, 0, 25
MC, 1, 198
MM, 11, 1, 38
MM, 8, 2, 11
MM, 2, 5, 16
MM, 534, 605, 17
MM, 12, 23, 17
MM, 22, 27, 12
MM, 377, 628, 25
MM, 358, 628, 24
MM, 355, 628, 13
MM, 353, 628, 13
MM, 14, 30, 147
MM, 14, 29, 25
MM, 14, 28, 12
MM, 14, 27, 12
MM, 14, 26, 13
MM, 15, 26, 13
MM, 17, 25, 136
MM, 19, 25, 25
MM, 25, 24, 12
MM, 32, 21, 12
MM, 377, 615, 12
MM, 2, 16, 13
MM, 416, 606, 25
MM, 10, 5, 12
MM, 450, 596, 12
MM, 488, 586, 28
MM, 4, 22, 10
MM, 10, 19, 26
MM, 11, 17, 23
MM, 11, 16, 13
MM, 12, 16, 11
MM, 12, 15, 38
MC, 1, 173
MM, 12, 16, 86
MM, 12, 17, 12
MM, 12, 18, 25
MM, 11, 21, 12
MM, 11, 28, 13
MM, 6, 1, 12
MM, 6, 10, 13
MM, 5, 30, 12
MM, 16, 13, 13
MM, 103, 0, 25
MM, 101, 11, 24
MM, 101, 13, 13
MM, 100, 15, 11
MM, 100, 16, 13
MM, 99, 16, 11
MM, 98, 16, 25
MC, 1, 174
MM, 100, 14, 74
MM, 103, 12, 12
MM, 106, 8, 13
MM, 34, 28, 12
MM, 559, 630, 25
MM, 33, 21, 12
MM, 4, 13, 13
MM, 20, 6, 37
MM, 21, 6, 12
MM, 22, 6, 13
MM, 23, 5, 12
MM, 25, 3, 12
MM, 609, 596, 12
MM, 610, 593, 13
MM, 611, 591, 12
MM, 612, 591, 24
MM, 1, 30, 13
MM, 2, 29, 25
MM, 2, 28, 12
MM, 3, 27, 12
MM, 3, 26, 14
MM, 5, 23, 61
MM, 5, 22, 25
MM, 5, 21, 11
MC, 1, 124
MM, 4, 21, 98
MM, 1, 21, 13
MM, 606, 581, 13
MM, 28, 22, 12
MM, 13, 25, 25
MM, 6, 26, 13
MM, 2, 26, 11
MM, 569, 586, 14
MM, 31, 27, 24
MM, 28, 28, 12
MM, 24, 30, 13
MM, 549, 594, 13
MM, 535, 604, 25
MM, 27, 9, 10
MM, 22, 9, 13
MM, 19, 9, 14
MM, 16, 9, 11
MM, 15, 9, 13
MM, 9, 9, 24
MM, 7, 9, 13
MM, 4, 8, 12
MM, 498, 604, 13
MM, 26, 6, 25
MM, 18, 4, 24
MM, 13, 2, 12
MM, 10, 2, 12
MM, 4, 0, 13
MM, 460, 597, 12
MM, 26, 0, 25
MM, 17, 0, 37
MM, 16, 0, 12
MM, 15, 0, 25
MM, 13, 0, 12
MM, 11, 0, 25
MM, 10, 0, 12
MM, 8, 0, 12
MM, 5, 1, 13
MM, 2, 2, 12
MM, 420, 600, 13
MM, 418, 601, 25
MP, 1, 24
MR, 1, 99
MM, 416, 605, 12
MM, 34, 10, 12
MM, 33, 10, 13
MM, 32, 11, 37
MC, 1, 186
MM, 32, 12, 86
MM, 32, 13, 61
MM, 33, 14, 12
MM, 417, 618, 12
MM, 425, 628, 13
MM, 27, 6, 13
MM, 1, 21, 24
MM, 461, 666, 27
MM, 465, 669, 12
MM, 70, 0, 25
MM, 71, 1, 11
MM, 72, 1, 13
MM, 72, 2, 12
MM, 73, 2, 73
MM, 73, 3, 14
MM, 74, 4, 12
MM, 74, 5, 12
MM, 75, 6, 13
MM, 76, 6, 11
MM, 76, 8, 13
MM, 77, 8, 12
MM, 77, 9, 13
MM, 78, 10, 13
MC, 1, 135
MM, 79, 9, 62
MM, 80, 7, 12
MM, 81, 5, 13
MM, 84, 1, 12
MM, 489, 670, 12
MM, 17, 27, 25
MM, 32, 15, 26
MM, 0, 6, 12
MM, 8, 28, 25
MM, 20, 16, 24
MM, 23, 12, 11
MM, 26, 10, 14
MM, 26, 9, 11
MM, 26, 7, 37
MM, 26, 6, 63
MM, 26, 5, 48
MM, 26, 4, 49
MM, 27, 1, 13
MM, 569, 593, 13
MM, 4, 28, 11
MM, 17, 19, 25
MM, 21, 16, 13
MM, 25, 14, 12
MM, 28, 13, 25
MM, 29, 13, 12
MC, 1, 124
MM, 32, 13, 73
MM, 605, 573, 13
MM, 2, 13, 13
MM, 16, 12, 26
MM, 25, 12, 11
MM, 2, 12, 13
MM, 27, 12, 25
MM, 688, 572, 11
MM, 17, 13, 27
MM, 25, 15, 24
MM, 26, 16, 11
MM, 26, 17, 13
MM, 24, 17, 185
MM, 22, 17, 12
MM, 20, 17, 12
MM, 19, 17, 14
MM, 18, 17, 11
MM, 15, 17, 24
MM, 7, 17, 13
MM, 683, 579, 12
MM, 24, 19, 13
MM, 26, 20, 24
MM, 34, 20, 26
MM, 10, 20, 25
MM, 23, 23, 24
MM, 15, 23, 12
MM, 8, 23, 25
MM, 4, 23, 12
MM, 2, 23, 13
MM, 529, 583, 12
MM, 525, 583, 25
MM, 30, 23, 12
MM, 24, 22, 38
MM, 21, 22, 11
MM, 18, 21, 25
MM, 17, 21, 13
MM, 16, 21, 36
MC, 1, 100
MM, 19, 21, 62
MM, 21, 21, 12
MM, 24, 21, 13
MM, 29, 21, 11
MM, 529, 582, 13
MM, 27, 0, 25
MM, 1, 7, 13
MM, 2, 18, 24
MM, 20, 22, 25
MM, 24, 23, 24
MM, 25, 24, 13
MM, 26, 24, 12
MM, 27, 24, 12
MM, 28, 24, 12
MM, 29, 23, 25
MM, 30, 22, 13
MM, 30, 19, 37
MM, 31, 15, 12
MM, 31, 11, 12
MM, 31, 6, 12
MM, 31, 4, 13
MM, 31, 1, 12
MM, 649, 596, 12
MM, 649, 594, 26
MM, 650, 594, 123
MM, 650, 593, 11
MM, 651, 593, 63
MM, 651, 592, 24
MM, 4, 30, 18
MM, 4, 29, 8
MM, 4, 28, 25
MM, 4, 27, 11
MM, 5, 26, 13
MM, 6, 26, 12
MM, 8, 24, 25
MM, 9, 24, 24
MC, 1, 124
MM, 8, 24, 13
MM, 7, 24, 123
MM, 6, 25, 13
MM, 5, 25, 11
MM, 5, 26, 13
MM, 4, 28, 12
MM, 649, 591, 13
MM, 22, 2, 25
MM, 11, 8, 24
MM, 9, 8, 13
MM, 8, 9, 13
MM, 7, 9, 12
MM, 6, 10, 86
MM, 4, 12, 12
MM, 2, 17, 13
MM, 617, 621, 12
MM, 611, 633, 25
MM, 36, 5, 37
MM, 35, 6, 12
MM, 34, 6, 25
MM, 33, 6, 13
MM, 26, 10, 11
MM, 19, 18, 25
MM, 16, 24, 13
MM, 13, 28, 12
MM, 581, 665, 12
MM, 576, 670, 25
MM, 571, 672, 13
MM, 567, 674, 11
MM, 160, 6, 27
MM, 158, 8, 11
MM, 156, 9, 25
MM, 155, 10, 24
MM, 155, 11, 408
MM, 154, 12, 12
MM, 153, 13, 13
MM, 152, 14, 11
MM, 148, 17, 26
MM, 146, 18, 12
MM, 143, 19, 13
MM, 141, 20, 11
MM, 140, 21, 26
MM, 139, 21, 12
MM, 138, 21, 37
MM, 137, 22, 26
MM, 138, 21, 827
MM, 141, 18, 12
MM, 149, 14, 13
MM, 162, 9, 12
MM, 610, 649, 26
MM, 28, 29, 11
MM, 27, 5, 24
MM, 31, 28, 39
MM, 724, 588, 24
MM, 725, 588, 12
MM, 725, 587, 24
MM, 725, 586, 37
MM, 726, 586, 13
MM, 734, 578, 13
MM, 755, 564, 11
MM, 766, 537, 1052
MM, 30, 16, 12
MM, 700, 540, 24
MM, 7, 17, 26
MM, 24, 17, 24
MM, 8, 17, 25
MM, 615, 541, 12
MM, 7, 25, 24
MM, 564, 558, 25
MM, 19, 5, 14
MM, 526, 573, 23
MM, 22, 15, 25
MM, 20, 15, 26
MM, 21, 15, 36
MM, 21, 14, 13
MM, 23, 14, 11
MM, 25, 14, 25
MM, 26, 14, 24
MM, 28, 14, 13
MM, 28, 15, 12
MM, 29, 17, 12
MM, 30, 19, 13
MM, 30, 22, 12
MM, 30, 25, 24
MM, 30, 27, 13
MM, 28, 29, 13
MM, 520, 592, 12
MM, 17, 2, 24
MM, 12, 10, 25
MM, 10, 12, 13
MM, 8, 14, 12
MM, 7, 16, 12
MM, 6, 16, 12
MM, 6, 17, 13
MM, 5, 17, 37
MM, 4, 17, 50
MM, 4, 16, 12
MM, 4, 14, 12
MM, 4, 13, 13
MM, 4, 9, 12
MM, 4, 7, 13
MM, 4, 3, 13
MM, 504, 596, 24
MM, 506, 594, 12
MM, 506, 593, 13
MM, 507, 592, 24
MM, 508, 592, 25
MP, 1, 26
MR, 1, 72
MC, 1, 0
MM, 509, 592, 211
MM, 509, 591, 25
MM, 15, 30, 49
MM, 15, 29, 25
MC, 2, 86
MM, 16, 29, 111
MM, 17, 29, 125
MM, 19, 29, 11
MM, 21, 30, 12
MM, 518, 591, 12
MM, 522, 593, 27
MM, 523, 595, 11
MM, 524, 596, 12
MM, 28, 6, 25
MM, 29, 9, 13
MM, 31, 11, 25
MM, 32, 11, 86
MM, 32, 12, 11
MM, 535, 609, 125
MM, 537, 608, 12
MM, 0, 10, 12
MM, 3, 8, 25
MM, 5, 8, 13
MM, 7, 8, 234
MM, 12, 7, 13
MM, 22, 5, 12
MM, 32, 1, 12
MM, 588, 595, 12
MM, 14, 27, 27
MM, 642, 581, 10
MM, 21, 15, 25
MM, 693, 559, 26
MM, 28, 7, 24
MM, 752, 520, 12
MM, 770, 513, 24
MM, 776, 511, 13
MM, 777, 511, 12
MM, 779, 511, 26
MM, 781, 512, 136
MM, 782, 514, 11
MM, 783, 515, 13
MM, 784, 518, 12
MM, 785, 520, 12
MM, 787, 522, 25
MM, 766, 527, 284
MM, 754, 532, 13
MM, 741, 536, 12
MM, 16, 20, 13
MM, 668, 558, 26
MM, 24, 3, 24
MM, 17, 3, 11
MM, 11, 3, 25
MM, 9, 3, 13
MM, 8, 3, 11
MM, 5, 3, 13
MM, 0, 3, 25
MM, 610, 563, 13
MM, 608, 563, 11
MM, 607, 563, 13
MM, 606, 563, 50
MM, 34, 4, 23
MM, 27, 10, 13
MM, 20, 16, 12
MM, 10, 24, 25
MM, 8, 25, 12
MM, 7, 26, 14
MM, 6, 27, 11
MM, 5, 27, 13
MM, 3, 30, 24
MM, 2, 30, 13
MM, 571, 591, 12
MM, 570, 592, 13
MM, 569, 593, 12
MM, 569, 594, 79
MM, 568, 594, 7
MM, 568, 595, 13
MM, 567, 595, 36
MM, 566, 595, 13
MM, 24, 0, 12
MM, 21, 3, 26
MM, 19, 5, 11
MM, 18, 6, 13
MM, 18, 8, 49
MM, 17, 8, 13
MM, 17, 9, 12
MM, 16, 10, 13
MM, 15, 11, 11
MM, 15, 12, 13
MC, 1, 606
MM, 17, 11, 184
MM, 19, 9, 13
MM, 21, 8, 12
MM, 23, 7, 13
MM, 28, 6, 12
MM, 579, 600, 26
MM, 3, 0, 25
MM, 4, 0, 11
MM, 586, 595, 24
MM, 587, 595, 13
MM, 589, 594, 25
MM, 589, 593, 12
MM, 590, 593, 13
MM, 591, 593, 37
MM, 27, 30, 36
MM, 608, 584, 26
MM, 610, 583, 11
MM, 1, 23, 13
MM, 2, 23, 98
MM, 2, 22, 14
MM, 1, 21, 210
MM, 610, 581, 12
MM, 28, 21, 24
MM, 16, 21, 25
MM, 4, 30, 25
MM, 374, 593, 25
MM, 360, 593, 38
MM, 360, 592, 10
MM, 360, 591, 13
MM, 29, 30, 25
MM, 33, 29, 25
MM, 34, 28, 12
MM, 367, 588, 13
MM, 368, 588, 24
MM, 371, 588, 25
MM, 5, 27, 12
MM, 3, 22, 26
MM, 34, 19, 23
MM, 455, 579, 13
MM, 8, 19, 25
MM, 11, 19, 12
MM, 15, 19, 26
MM, 17, 19, 11
MM, 18, 19, 12
MM, 19, 19, 13
MM, 20, 19, 26
MM, 21, 19, 11
MM, 28, 19, 25
MM, 491, 579, 12
MM, 3, 19, 25
MM, 5, 19, 24
MM, 4, 19, 73
MM, 3, 19, 13
MM, 491, 579, 26
MM, 488, 579, 23
MM, 31, 19, 51
MM, 30, 19, 36
MM, 29, 19, 25
MM, 28, 19, 13
MC, 1, 135
MM, 29, 19, 50
MM, 30, 19, 24
MM, 31, 19, 13
MM, 488, 579, 12
MM, 489, 579, 12
MM, 491, 579, 25
MM, 492, 579, 12
MM, 1, 19, 25
MM, 2, 19, 38
MM, 3, 19, 12
MM, 4, 19, 24
MM, 6, 19, 25
MM, 7, 19, 37
MM, 9, 18, 136
MM, 13, 18, 13
MM, 19, 18, 25
MM, 21, 18, 11
MM, 26, 18, 26
MM, 529, 578, 24
MM, 5, 18, 26
MM, 7, 18, 10
MM, 8, 18, 25
MM, 9, 18, 25
MM, 10, 18, 50
MM, 10, 17, 12
MM, 11, 17, 12
MC, 1, 99
MM, 12, 17, 371
MM, 15, 17, 13
MM, 20, 17, 24
MM, 24, 17, 25
MM, 30, 18, 24
MM, 564, 580, 13
MM, 2, 24, 24
MM, 7, 27, 39
MM, 8, 28, 11
MM, 8, 29, 13
MM, 578, 591, 49
MM, 578, 598, 25
MM, 578, 605, 13
MM, 31, 22, 24
MM, 555, 632, 25
MM, 8, 16, 24
MM, 520, 666, 25
MM, 104, 5, 24
MM, 100, 8, 38
MM, 100, 9, 12
MM, 100, 10, 12
MC, 1, 234
MC, 2, 113
MM, 100, 9, 36
MM, 100, 8, 26
MM, 100, 7, 11
MM, 100, 2, 25
MM, 10, 29, 25
MM, 5, 8, 25
MM, 23, 15, 24
MM, 17, 3, 37
MM, 16, 1, 13
MM, 16, 0, 12
MM, 478, 596, 37
MP, 1, 111
MR, 1, 50
MC, 1, 0
MM, 16, 0, 99
MM, 18, 0, 85
MM, 22, 0, 12
MM, 29, 0, 25
MM, 494, 597, 13
MM, 495, 597, 37
MM, 494, 598, 87
MM, 30, 1, 11
MM, 25, 2, 38
MM, 22, 2, 25
MM, 21, 2, 11
MM, 20, 3, 14
MM, 20, 4, 24
MC, 1, 124
MM, 21, 4, 62
MM, 22, 4, 24
MM, 23, 4, 13
MM, 27, 3, 25
MM, 7, 0, 24
MM, 20, 22, 25
MM, 565, 576, 38
MM, 567, 576, 23
MM, 2, 14, 25
MM, 19, 7, 25
MM, 28, 4, 25
MM, 6, 2, 25
MM, 3, 2, 36
MM, 10, 4, 26
MM, 10, 7, 24
MM, 8, 10, 25
MM, 7, 11, 24
MM, 6, 11, 13
MM, 4, 13, 25
MM, 2, 14, 24
MM, 646, 576, 26
MM, 29, 20, 24
MM, 26, 21, 24
MM, 26, 22, 12
MM, 24, 22, 13
MM, 22, 22, 222
MM, 21, 22, 13
MM, 19, 22, 12
MM, 16, 23, 12
MM, 10, 24, 12
MM, 2, 26, 13
MM, 607, 588, 13
MM, 597, 591, 12
MM, 587, 593, 13
MM, 34, 0, 11
MM, 15, 10, 26
MM, 8, 15, 12
MM, 4, 19, 12
MM, 0, 23, 12
MM, 534, 623, 13
MM, 27, 30, 25
MM, 522, 628, 11
MM, 521, 629, 25
MM, 521, 630, 13
MM, 520, 631, 11
MM, 519, 633, 13
MM, 30, 1, 25
MM, 28, 3, 25
MM, 28, 4, 12
MM, 27, 5, 12
MM, 25, 7, 26
MM, 22, 8, 12
MM, 17, 10, 24
MM, 13, 10, 13
MM, 7, 10, 12
MM, 1, 10, 24
MM, 486, 644, 13
MM, 486, 643, 111
MM, 486, 642, 62
MM, 486, 641, 98
MM, 485, 641, 75
MM, 484, 641, 49
MM, 483, 641, 136
MM, 482, 641, 74
MP, 1, 1
MR, 1, 147
MM, 32, 5, 272
MM, 31, 5, 25
MM, 30, 5, 49
MC, 1, 198
MM, 30, 4, 74
MM, 30, 3, 24
MM, 29, 3, 13
MM, 28, 1, 13
MM, 475, 630, 24
MM, 7, 21, 12
MM, 460, 602, 25
MM, 453, 592, 24
MM, 450, 587, 25
MM, 34, 25, 13
MM, 33, 23, 24
MM, 32, 23, 38
MM, 32, 24, 111
MM, 32, 25, 149
MC, 1, 122
MM, 32, 26, 124
MM, 32, 27, 12
MM, 30, 0, 32
MM, 458, 612, 18
MM, 465, 628, 25
MM, 20, 18, 25
MM, 75, 3, 25
MM, 80, 21, 24
MM, 483, 706, 25
MM, 484, 709, 12
MM, 485, 710, 25
MP, 1, 147
MR, 1, 100
MC, 1, 0
MM, 485, 708, 24
MM, 485, 707, 13
MM, 485, 706, 26
MM, 485, 705, 10
MM, 485, 704, 25
MM, 485, 702, 25
MM, 85, 30, 12
MM, 85, 29, 25
MM, 85, 26, 24
MM, 85, 23, 13
MM, 85, 21, 25
MC, 1, 87
MM, 85, 22, 74
MM, 85, 23, 24
MM, 86, 23, 38
MM, 94, 18, 24
MM, 107, 10, 15
MM, 532, 669, 22
MM, 545, 665, 12
MM, 30, 26, 26
MM, 568, 659, 25
MM, 8, 22, 24
MM, 28, 20, 26
MM, 36, 19, 10
MM, 612, 653, 25
MM, 1, 19, 24
MM, 4, 19, 26
MM, 3, 19, 123
MM, 1, 19, 25
MM, 609, 653, 12
MM, 24, 19, 25
MM, 18, 19, 24
MM, 17, 19, 13
MC, 1, 150
MM, 17, 18, 36
MM, 17, 17, 37
MM, 17, 15, 25
MM, 17, 12, 11
MM, 18, 10, 13
MM, 601, 632, 25
MM, 1, 1, 25
MM, 17, 19, 24
MM, 18, 14, 26
MM, 18, 13, 24
MM, 18, 14, 136
MC, 1, 86
MM, 23, 16, 99
MM, 30, 20, 12
MM, 0, 25, 13
MM, 5, 6, 37
MM, 13, 10, 25
MM, 21, 12, 24
MM, 23, 12, 13
MM, 25, 12, 12
MM, 26, 12, 25
MM, 24, 12, 172
MM, 23, 12, 13
MM, 20, 12, 24
MM, 16, 12, 25
MM, 10, 12, 13
MM, 655, 609, 11
MM, 3, 12, 39
MM, 26, 12, 12
MM, 578, 606, 36
MM, 26, 7, 26
MM, 6, 4, 24
MM, 538, 600, 13
MM, 527, 596, 23
MM, 511, 594, 25
MM, 498, 594, 13
MM, 480, 594, 25
MM, 472, 594, 24
MM, 467, 594, 25
MM, 466, 594, 13
MM, 457, 594, 24
MM, 453, 594, 12
MM, 446, 594, 24
MM, 445, 594, 13
MM, 444, 594, 14
MM, 443, 593, 23
MM, 443, 592, 12
MM, 443, 591, 25
MM, 28, 30, 13
MM, 28, 29, 24
MM, 28, 28, 13
MM, 26, 28, 185
MM, 25, 28, 38
MM, 24, 28, 12
MM, 23, 28, 37
MM, 22, 29, 13
MM, 21, 30, 24
MM, 434, 591, 12
MM, 429, 594, 24
MM, 426, 595, 14
MM, 2, 1, 24
MM, 0, 2, 11
MM, 419, 601, 26
MM, 418, 601, 12
MP, 1, 62
MR, 1, 110
MC, 1, 1
MM, 417, 602, 112
MM, 416, 604, 12
MM, 415, 604, 12
MM, 34, 9, 26
MM, 33, 9, 12
MM, 32, 9, 37
MC, 1, 136
MM, 33, 9, 122
MM, 34, 9, 13
MM, 415, 607, 25
MM, 416, 611, 11
MM, 419, 617, 26
MM, 0, 23, 12
MM, 430, 632, 24
MM, 445, 649, 27
MM, 2, 23, 11
MM, 460, 665, 24
MM, 68, 1, 38
MM, 78, 5, 25
MM, 81, 6, 12
MM, 83, 8, 12
MM, 84, 8, 13
MM, 85, 9, 24
MM, 86, 10, 25
MC, 1, 161
MM, 89, 10, 111
MM, 94, 10, 12
MM, 118, 5, 25
MM, 134, 2, 13
MM, 24, 25, 24
MM, 7, 15, 25
MM, 24, 11, 25
MM, 28, 9, 11
MM, 29, 8, 25
MM, 29, 7, 174
MM, 29, 5, 12
MM, 29, 4, 13
MM, 647, 631, 24
MM, 33, 30, 27
MM, 652, 625, 10
MM, 656, 624, 24
MM, 657, 621, 26
MM, 0, 24, 12
MM, 1, 23, 24
MM, 3, 22, 25
MM, 3, 21, 25
MM, 3, 19, 185
MM, 3, 18, 13
MM, 4, 15, 25
MM, 6, 10, 11
MM, 669, 592, 33
MM, 23, 15, 18
MM, 23, 10, 25
MM, 23, 9, 12
MM, 20, 9, 221
MM, 19, 9, 13
MM, 17, 11, 24
MM, 16, 12, 14
MM, 12, 19, 24
MM, 5, 25, 12
MM, 637, 595, 13
MM, 27, 27, 24
MM, 12, 21, 24
MM, 567, 664, 26
MM, 562, 666, 25
MM, 561, 666, 12
MM, 560, 666, 12
MM, 559, 666, 12
MM, 558, 666, 25
MM, 553, 666, 24
MM, 550, 667, 13
MM, 549, 667, 12
MM, 544, 668, 25
MM, 543, 668, 37
MM, 543, 667, 37
MM, 543, 665, 12
MM, 14, 30, 13
MM, 14, 26, 26
MM, 14, 25, 12
MM, 15, 24, 12
MC, 1, 99
MM, 14, 22, 122
MM, 10, 19, 13
MM, 4, 15, 12
MM, 526, 642, 12
MM, 518, 631, 25
MM, 17, 30, 25
MM, 17, 29, 12
MC, 1, 185
MM, 17, 30, 76
MM, 18, 30, 11
MM, 22, 30, 25
MM, 30, 30, 13
MM, 0, 30, 11
MM, 577, 627, 25
MM, 27, 30, 25
MM, 20, 27, 26
MM, 3, 26, 24
MM, 30, 22, 25
MM, 712, 619, 23
MM, 718, 619, 13
MM, 729, 621, 25
MM, 733, 623, 12
MM, 745, 628, 24
MM, 751, 630, 13
MM, 758, 632, 13
MM, 767, 635, 25
MM, 1, 24, 11
MM, 11, 26, 27
MM, 21, 28, 10
MM, 29, 28, 14
MM, 42, 28, 24
MM, 45, 28, 12
MM, 46, 28, 12
MM, 47, 28, 37
