********************************************************************************
LOGGING TIME: 20171101_205515
CLIENT IP: 10.102.35.184
USERNAME: sandeep2103
OS: Windows 10
**********************************Emotional database********************************************************************************
MM, 255, 81, 1507533521500
MM, 226, 48, 294
MM, 206, 16, 8
MM, 437, 255, 13
MM, 363, 147, 36
MM, 354, 129, 13
MM, 347, 118, 12
MM, 343, 114, 12
MM, 341, 111, 12
MM, 340, 110, 15
MM, 339, 110, 10
MM, 338, 110, 26
MM, 337, 110, 36
MM, 336, 110, 12
MM, 335, 110, 13
MM, 333, 110, 12
MM, 328, 110, 13
MM, 318, 115, 309
MM, 322, 125, 12
MM, 326, 132, 12
MM, 331, 140, 12
MM, 336, 154, 13
MM, 339, 168, 12
MM, 360, 249, 61
MM, 365, 264, 13
MM, 372, 283, 50
MM, 372, 284, 12
MM, 373, 284, 13
MM, 373, 285, 24
MM, 374, 285, 38
MM, 123, 0, 11
MM, 124, 1, 12
MM, 124, 2, 13
MM, 125, 4, 11
MM, 126, 7, 13
MM, 128, 11, 12
MM, 136, 34, 50
MM, 136, 36, 13
MM, 137, 50, 20954
MM, 137, 64, 12
MM, 142, 11, 50
MM, 142, 24, 12
MM, 142, 71, 62
MM, 142, 76, 12
MM, 141, 81, 26
MM, 141, 82, 12
MM, 141, 83, 13
MM, 140, 83, 11
MC, 1, 111
MM, 139, 83, 148
MM, 137, 83, 13
MM, 130, 77, 12
MM, 124, 70, 13
MM, 119, 63, 12
MM, 116, 58, 13
MM, 116, 57, 13
MM, 115, 56, 11
MM, 115, 57, 197
MM, 114, 62, 13
MM, 114, 67, 12
MM, 114, 72, 12
MM, 114, 76, 13
MM, 114, 79, 13
MM, 114, 89, 12
MM, 365, 517, 13
MM, 371, 539, 49
MM, 0, 22, 49
MM, 1, 26, 50
MM, 1, 27, 12
MM, 374, 554, 13
MM, 4, 1, 37
MM, 8, 4, 12
MM, 14, 8, 11
MM, 18, 13, 13
MM, 25, 21, 13
MM, 30, 30, 12
MM, 25, 3, 12
MM, 27, 7, 13
MM, 28, 11, 24
MC, 1, 260
MM, 29, 13, 234
MM, 31, 17, 12
MM, 34, 19, 13
MM, 419, 624, 11
MM, 19, 15, 51
MM, 19, 16, 11
MM, 19, 17, 25
MM, 19, 18, 75
MM, 22, 14, 185
MM, 31, 5, 12
MM, 456, 627, 12
MM, 17, 14, 14
MM, 27, 17, 24
MM, 381, 89, 25
MM, 411, 81, 25
MM, 414, 80, 12
MM, 415, 80, 11
MM, 416, 80, 13
MM, 421, 80, 99
MM, 424, 82, 12
MM, 427, 87, 12
MM, 679, 506, 13
MM, 679, 513, 11
MM, 679, 518, 13
MM, 16, 1, 12
MM, 15, 4, 14
MM, 12, 8, 12
MM, 8, 10, 12
MM, 659, 537, 12
MM, 25, 19, 13
MM, 15, 22, 12
MM, 10, 26, 13
MM, 8, 27, 11
MM, 6, 28, 13
MM, 5, 29, 25
MM, 4, 30, 12
MM, 623, 555, 13
MM, 623, 556, 12
MM, 623, 558, 74
MM, 12, 0, 12
MM, 12, 4, 13
MM, 12, 7, 11
MM, 12, 10, 26
MM, 12, 11, 12
MC, 1, 148
MM, 8, 11, 99
MM, 606, 572, 13
MM, 20, 15, 13
MM, 31, 24, 11
MM, 30, 0, 25
MM, 21, 4, 25
MM, 19, 5, 12
MM, 18, 5, 13
MM, 13, 5, 24
MM, 4, 5, 12
MM, 494, 600, 13
MM, 485, 594, 12
MM, 480, 591, 13
MM, 20, 29, 12
MM, 17, 27, 12
MM, 15, 27, 12
MM, 14, 26, 13
MM, 12, 26, 12
MM, 7, 24, 12
MM, 1, 23, 13
MM, 450, 581, 12
MM, 31, 19, 13
MM, 29, 18, 11
MM, 27, 17, 27
MC, 1, 233
MM, 28, 17, 74
MM, 520, 628, 99
MM, 2, 3, 12
MM, 22, 19, 14
MM, 573, 673, 11
MM, 591, 689, 25
MM, 594, 692, 12
MM, 594, 693, 15
MM, 594, 694, 9
MM, 594, 695, 13
MM, 592, 692, 49
MM, 581, 683, 13
MM, 570, 671, 12
MM, 34, 30, 13
MM, 30, 25, 12
MM, 29, 24, 12
MM, 28, 23, 14
MM, 27, 22, 134
MC, 1, 123
MM, 21, 18, 111
MM, 534, 628, 25
MM, 28, 18, 26
MM, 26, 16, 11
MM, 26, 15, 14
MM, 26, 14, 11
MM, 26, 13, 38
MM, 26, 12, 24
MM, 26, 10, 25
MM, 26, 7, 15
MM, 26, 3, 9
MM, 525, 596, 13
MM, 524, 591, 13
MM, 27, 25, 36
MM, 27, 24, 86
MC, 1, 125
MM, 29, 24, 86
MM, 526, 584, 12
MM, 4, 24, 13
MM, 15, 24, 12
MM, 3, 21, 13
MM, 15, 14, 25
MM, 15, 11, 24
MM, 22, 11, 24
MM, 22, 10, 38
MM, 21, 10, 49
MM, 20, 10, 13
MM, 19, 10, 11
MM, 18, 10, 14
MM, 17, 10, 23
MM, 17, 9, 12
MM, 16, 8, 13
MM, 14, 8, 49
MM, 9, 9, 13
MM, 644, 572, 12
MM, 21, 16, 12
MM, 15, 18, 12
MM, 12, 18, 13
MM, 11, 18, 13
MC, 1, 160
MM, 6, 19, 260
MM, 610, 581, 12
MM, 32, 24, 12
MM, 6, 30, 12
MM, 20, 25, 37
MM, 379, 626, 64
MM, 378, 626, 10
MM, 378, 627, 38
MM, 378, 628, 74
MM, 378, 629, 24
MM, 378, 630, 12
MM, 376, 631, 13
MM, 375, 632, 12
MM, 375, 631, 49
MM, 376, 627, 13
MM, 378, 624, 13
MM, 0, 26, 11
MM, 1, 24, 12
MM, 2, 23, 13
MM, 3, 22, 12
MM, 4, 21, 12
MM, 6, 20, 12
MM, 9, 19, 13
MM, 10, 18, 13
MM, 12, 18, 12
MM, 13, 17, 13
MC, 1, 111
MM, 14, 17, 74
MM, 17, 17, 12
MM, 22, 17, 12
MM, 26, 15, 15
MM, 32, 10, 11
MM, 417, 601, 12
MM, 429, 595, 12
MM, 23, 30, 13
MM, 28, 28, 12
MM, 32, 26, 27
MM, 33, 25, 9
MM, 451, 585, 13
MM, 454, 585, 12
MM, 3, 25, 13
MM, 22, 25, 24
MM, 488, 584, 12
MM, 1, 24, 13
MM, 7, 24, 12
MM, 17, 23, 14
MM, 30, 21, 11
MM, 8, 19, 12
MM, 24, 19, 25
MM, 32, 19, 12
MM, 568, 579, 13
MM, 5, 19, 25
MM, 6, 19, 11
MM, 7, 19, 13
MM, 10, 19, 12
MM, 11, 19, 13
MM, 14, 19, 12
MM, 16, 19, 12
MM, 17, 19, 12
MM, 20, 19, 13
MM, 21, 19, 13
MM, 23, 19, 12
MM, 24, 19, 12
MM, 25, 19, 12
MM, 23, 19, 87
MM, 13, 19, 13
MM, 567, 579, 12
MM, 10, 19, 13
MM, 11, 19, 13
MM, 29, 22, 25
MM, 25, 22, 25
MM, 24, 22, 11
MC, 1, 260
MM, 25, 22, 123
MM, 28, 22, 12
MM, 489, 582, 13
MM, 0, 22, 12
MM, 4, 21, 12
MM, 9, 21, 12
MM, 12, 20, 13
MM, 22, 20, 13
MM, 29, 20, 11
MM, 0, 20, 12
MM, 13, 19, 25
MM, 26, 18, 12
MM, 0, 18, 12
MM, 17, 16, 27
MM, 31, 13, 11
MM, 11, 6, 13
MM, 0, 27, 25
MM, 12, 11, 24
MM, 738, 528, 25
MM, 749, 527, 24
MM, 751, 527, 13
MM, 752, 527, 11
MM, 752, 528, 38
MM, 755, 529, 173
MM, 761, 530, 13
MM, 769, 530, 11
MM, 762, 538, 383
MM, 20, 22, 13
MM, 31, 8, 26
MM, 30, 22, 24
MM, 6, 26, 12
MM, 26, 27, 12
MM, 10, 27, 25
MM, 4, 27, 24
MM, 3, 27, 13
MM, 2, 27, 11
MM, 3, 27, 38
MM, 3, 26, 13
MM, 4, 26, 11
MM, 5, 26, 13
MM, 7, 26, 25
MM, 11, 25, 11
MM, 13, 25, 13
MM, 15, 25, 12
MM, 17, 25, 12
MM, 21, 25, 14
MM, 27, 25, 12
MM, 488, 585, 12
MM, 1, 24, 12
MM, 11, 23, 13
MM, 22, 22, 12
MM, 27, 22, 12
MM, 30, 22, 12
MM, 525, 582, 13
MM, 526, 582, 12
MP, 1, 99
MR, 1, 99
MM, 525, 580, 25
MM, 30, 20, 25
MM, 29, 20, 12
MM, 28, 20, 37
MM, 27, 20, 13
MM, 25, 20, 13
MM, 23, 20, 11
MM, 22, 20, 50
MC, 1, 122
MM, 21, 20, 74
MM, 19, 20, 50
MM, 17, 20, 13
MM, 10, 22, 12
MM, 3, 24, 12
MM, 492, 588, 12
MM, 487, 592, 13
MM, 21, 1, 12
MM, 17, 4, 13
MM, 13, 6, 24
MM, 10, 7, 25
MM, 8, 7, 12
MM, 4, 7, 13
MM, 0, 8, 12
MM, 459, 606, 13
MM, 34, 9, 12
MM, 31, 10, 13
MM, 28, 10, 11
MM, 26, 10, 13
MM, 25, 10, 14
MM, 24, 10, 23
MM, 20, 10, 37
MM, 17, 8, 12
MM, 14, 7, 12
MM, 12, 7, 13
MM, 10, 6, 12
MM, 10, 5, 12
MM, 8, 5, 12
MM, 7, 4, 13
MM, 5, 4, 25
MM, 5, 3, 13
MM, 3, 3, 12
MM, 1, 3, 12
MM, 419, 600, 13
MM, 34, 3, 12
MM, 32, 3, 13
MM, 29, 3, 11
MM, 28, 3, 15
MM, 27, 3, 35
MM, 26, 3, 61
MM, 25, 3, 24
MM, 24, 3, 26
MC, 1, 148
MM, 25, 4, 1137
MM, 27, 7, 11
MM, 29, 10, 13
MM, 418, 616, 12
MM, 9, 29, 13
MM, 32, 2, 12
MM, 8, 18, 25
MM, 476, 670, 25
MM, 80, 5, 12
MM, 82, 7, 12
MM, 83, 8, 25
MC, 1, 271
MM, 82, 8, 37
MM, 82, 7, 74
MM, 83, 5, 13
MM, 86, 2, 11
MM, 488, 669, 14
MM, 4, 28, 12
MM, 10, 16, 12
MM, 13, 8, 12
MM, 15, 2, 13
MM, 16, 0, 12
MM, 505, 632, 12
MM, 505, 631, 12
MM, 505, 630, 37
MM, 7, 30, 25
MM, 9, 24, 13
MM, 10, 19, 12
MM, 11, 16, 12
MM, 12, 14, 13
MM, 13, 13, 11
MM, 14, 12, 28
MM, 15, 11, 23
MM, 17, 10, 86
MM, 7, 6, 136
MM, 9, 7, 26
MC, 1, 146
MM, 8, 7, 62
MM, 6, 7, 13
MM, 1, 7, 11
MM, 535, 604, 14
MM, 25, 7, 12
MM, 11, 5, 25
MM, 10, 8, 25
MM, 374, 608, 12
MM, 19, 12, 25
MM, 14, 12, 12
MM, 10, 12, 12
MM, 6, 12, 13
MM, 5, 12, 12
MM, 2, 13, 12
MM, 0, 14, 13
MM, 336, 613, 12
MM, 333, 615, 13
MM, 54, 22, 12
MM, 48, 29, 24
MM, 322, 628, 14
MM, 320, 629, 11
MM, 319, 629, 24
MM, 319, 628, 75
MM, 45, 30, 12
MM, 46, 27, 12
MM, 48, 24, 13
MM, 333, 617, 12
MM, 3, 15, 13
MM, 9, 11, 25
MM, 10, 11, 11
MM, 11, 11, 101
MM, 12, 11, 72
MM, 13, 10, 12
MM, 14, 10, 13
MM, 15, 10, 25
MC, 1, 160
MM, 17, 11, 74
MM, 23, 13, 12
MM, 31, 19, 13
MM, 379, 626, 13
MM, 21, 4, 12
MM, 408, 647, 12
MM, 23, 22, 25
MM, 30, 25, 12
MM, 444, 662, 12
MM, 454, 667, 26
MM, 458, 670, 11
MM, 59, 0, 13
MM, 60, 1, 11
MM, 61, 2, 13
MM, 61, 1, 125
MM, 61, 0, 35
MM, 461, 670, 25
MM, 461, 669, 13
MM, 461, 667, 12
MM, 12, 26, 12
MM, 12, 14, 26
MM, 13, 7, 23
MM, 13, 6, 14
MM, 14, 5, 172
MM, 461, 633, 63
MM, 457, 620, 12
MM, 32, 14, 13
MM, 30, 7, 12
MM, 28, 5, 12
MM, 27, 2, 13
MM, 26, 1, 11
MM, 26, 0, 26
MM, 447, 596, 122
MM, 446, 594, 99
MM, 445, 592, 12
MM, 444, 591, 12
MM, 29, 30, 25
MM, 28, 30, 13
MC, 1, 135
MM, 443, 592, 247
MM, 443, 594, 14
MM, 23, 1, 11
MM, 27, 23, 26
MM, 31, 30, 11
MM, 5, 4, 12
MM, 12, 30, 14
MM, 470, 703, 23
MM, 473, 710, 13
MM, 475, 715, 12
MM, 476, 717, 13
MM, 477, 717, 12
MM, 478, 717, 99
MM, 478, 716, 25
MP, 1, 39
MR, 1, 72
MC, 1, 0
MM, 478, 715, 174
MM, 478, 714, 11
MM, 478, 713, 13
MM, 478, 711, 12
MM, 478, 710, 13
MM, 478, 708, 11
MM, 478, 707, 13
MM, 478, 704, 12
MM, 478, 703, 13
MM, 478, 702, 24
MP, 1, 25
MR, 1, 86
MC, 1, 0
MM, 78, 30, 617
MM, 78, 29, 13
MM, 78, 25, 12
MM, 78, 23, 13
MM, 78, 20, 11
MM, 78, 19, 13
MM, 78, 18, 13
MM, 78, 17, 13
MC, 1, 246
MM, 78, 15, 173
MM, 78, 14, 11
MM, 78, 12, 13
MM, 78, 7, 14
MM, 475, 670, 12
MM, 25, 28, 12
MM, 23, 11, 25
MM, 469, 629, 13
MM, 6, 17, 12
MM, 5, 9, 11
MM, 3, 1, 25
MM, 3, 0, 12
MM, 465, 596, 12
MM, 465, 595, 25
MM, 466, 594, 25
MM, 13, 29, 111
MM, 15, 23, 13
MM, 17, 19, 11
MM, 17, 18, 13
MM, 17, 17, 25
MM, 17, 17, 247
MM, 18, 17, 25
MM, 19, 17, 12
MM, 20, 17, 12
MM, 22, 16, 24
MM, 24, 16, 26
MM, 26, 16, 13
MM, 28, 16, 12
MM, 30, 16, 12
MM, 488, 576, 12
MM, 490, 576, 13
MM, 491, 577, 13
MM, 0, 17, 11
MM, 1, 18, 13
MM, 2, 18, 12
MM, 3, 18, 13
MM, 5, 18, 13
MM, 7, 18, 11
MM, 8, 18, 25
MM, 9, 18, 13
MM, 9, 19, 36
MM, 11, 19, 13
MM, 13, 19, 12
MM, 16, 19, 13
MM, 19, 19, 11
MM, 26, 19, 13
MM, 525, 579, 13
MM, 4, 17, 26
MM, 10, 15, 23
MM, 17, 13, 12
MM, 30, 10, 13
MM, 1, 9, 13
MM, 33, 5, 24
MM, 26, 1, 12
MM, 685, 558, 38
MM, 712, 557, 24
MM, 718, 557, 12
MM, 720, 557, 12
MM, 722, 556, 15
MM, 723, 556, 10
MM, 724, 556, 24
MM, 725, 556, 87
MM, 728, 555, 62
MM, 735, 555, 11
MM, 739, 554, 14
MM, 742, 553, 11
MM, 745, 552, 14
MM, 748, 552, 12
MM, 750, 551, 11
MM, 753, 551, 15
MM, 755, 551, 10
MM, 759, 551, 13
MM, 762, 551, 13
MM, 766, 551, 11
MM, 768, 551, 13
MM, 770, 551, 12
MM, 770, 551, 273
MM, 767, 551, 11
MM, 766, 551, 13
MM, 765, 551, 11
MM, 763, 551, 13
MM, 761, 551, 12
MM, 755, 552, 13
MM, 729, 557, 12
MM, 11, 9, 12
MM, 588, 591, 12
MM, 6, 16, 29
MM, 332, 669, 22
MM, 307, 673, 11
MM, 294, 673, 13
MM, 289, 673, 12
MM, 286, 671, 13
MM, 286, 669, 12
MM, 286, 666, 12
MM, 286, 663, 13
MM, 286, 659, 12
MM, 288, 658, 13
MM, 290, 656, 12
MM, 292, 655, 24
MM, 293, 654, 13
MM, 301, 648, 12
MM, 339, 633, 24
MM, 353, 629, 13
MM, 363, 628, 13
MM, 375, 627, 24
MM, 7, 30, 12
MM, 33, 30, 25
MM, 5, 30, 12
MM, 459, 627, 26
MM, 19, 30, 24
MM, 492, 628, 24
MM, 493, 628, 13
MM, 495, 628, 13
MM, 496, 628, 36
MM, 497, 628, 13
MM, 8, 17, 24
MM, 27, 28, 26
MM, 30, 23, 24
MM, 30, 21, 24
MM, 28, 21, 358
MM, 26, 21, 13
MM, 23, 22, 24
MM, 22, 25, 13
MM, 21, 27, 12
MM, 20, 27, 13
MM, 19, 27, 61
MM, 16, 27, 12
MM, 13, 27, 13
MM, 8, 27, 25
MM, 6, 26, 13
MM, 4, 25, 12
MM, 492, 584, 24
MM, 489, 583, 13
MM, 26, 22, 24
MM, 23, 21, 26
MM, 22, 21, 24
MM, 21, 21, 11
MC, 1, 138
MM, 19, 21, 85
MM, 17, 21, 12
MM, 12, 22, 13
MM, 3, 26, 12
MM, 447, 592, 24
MM, 437, 595, 27
MM, 434, 596, 11
MM, 431, 596, 13
MM, 429, 596, 11
MM, 426, 596, 25
MM, 423, 596, 24
MM, 421, 596, 13
MM, 418, 596, 13
MM, 416, 596, 12
MM, 30, 0, 25
MM, 28, 2, 12
MM, 12, 7, 25
MM, 4, 11, 12
MM, 2, 12, 12
MM, 379, 611, 25
MM, 378, 611, 13
MM, 377, 611, 25
MM, 376, 611, 24
MM, 375, 611, 13
MM, 374, 611, 11
MP, 1, 87
MR, 1, 87
MC, 1, 0
MM, 33, 14, 86
MM, 30, 14, 12
MM, 26, 15, 12
MM, 23, 15, 12
MM, 22, 15, 26
MM, 21, 15, 11
MM, 22, 15, 162
MC, 1, 110
MM, 23, 15, 75
MM, 24, 15, 12
MM, 25, 15, 12
MM, 26, 15, 16
MM, 27, 15, 9
MM, 29, 15, 13
MM, 33, 16, 12
MM, 2, 19, 13
MM, 21, 23, 24
MM, 28, 27, 25
MM, 29, 29, 11
MM, 30, 29, 13
MM, 30, 30, 13
MM, 31, 30, 36
MM, 411, 628, 51
MM, 411, 629, 11
MM, 411, 630, 25
MM, 411, 633, 13
MM, 2, 0, 12
MM, 4, 3, 25
MM, 5, 3, 24
MM, 6, 3, 12
MM, 7, 3, 37
MM, 8, 3, 12
MM, 9, 3, 26
MC, 1, 87
MM, 10, 3, 61
MM, 12, 3, 13
MM, 15, 3, 11
MM, 21, 3, 25
MM, 28, 3, 13
MM, 4, 1, 13
MM, 487, 630, 25
MM, 511, 628, 11
MM, 25, 30, 13
MM, 537, 627, 24
MM, 4, 30, 25
MM, 7, 30, 12
MM, 8, 30, 12
MM, 9, 30, 25
MM, 9, 29, 38
MM, 9, 28, 12
MM, 9, 27, 61
MM, 10, 27, 26
MM, 15, 23, 24
MM, 22, 21, 12
MM, 29, 19, 12
MM, 578, 613, 13
MM, 9, 15, 12
MM, 24, 13, 25
MM, 613, 610, 24
MM, 614, 610, 13
MM, 615, 610, 12
MM, 616, 610, 24
MM, 617, 610, 25
MM, 1, 13, 13
MM, 4, 13, 12
MM, 8, 13, 12
MM, 12, 13, 13
MM, 13, 13, 12
MM, 14, 13, 12
MM, 15, 13, 13
MM, 11, 13, 236
MM, 9, 13, 36
MM, 6, 13, 25
MM, 615, 610, 12
MM, 20, 13, 13
MM, 24, 13, 24
MM, 32, 13, 24
MM, 21, 10, 26
MM, 17, 8, 12
MM, 12, 6, 11
MM, 7, 4, 13
MM, 0, 2, 13
MM, 28, 0, 12
MM, 485, 596, 13
MM, 480, 595, 25
MM, 479, 595, 11
MM, 477, 595, 25
MM, 475, 594, 12
MM, 473, 594, 14
MM, 470, 594, 11
MM, 468, 593, 13
MM, 464, 593, 11
MM, 459, 593, 13
MM, 456, 593, 13
MM, 452, 592, 12
MM, 450, 592, 12
MM, 447, 591, 12
MM, 30, 30, 12
MM, 29, 29, 14
MM, 28, 27, 12
MM, 27, 24, 11
MM, 26, 23, 13
MM, 26, 20, 12
MM, 25, 19, 13
MM, 25, 17, 25
MC, 1, 123
MM, 25, 18, 37
MM, 25, 19, 26
MM, 25, 20, 12
MM, 25, 22, 24
MM, 25, 23, 12
MM, 25, 26, 12
MM, 25, 29, 15
MM, 19, 0, 15
MM, 19, 6, 19
MM, 19, 7, 14
MM, 19, 8, 24
MM, 19, 9, 13
MC, 1, 148
MM, 19, 10, 111
MM, 19, 11, 13
MM, 20, 12, 11
MM, 22, 16, 13
MM, 26, 29, 13
MM, 5, 7, 12
MM, 16, 25, 24
MM, 18, 27, 13
MM, 21, 30, 12
MM, 73, 0, 26
MM, 75, 4, 25
MM, 76, 7, 11
MM, 77, 9, 13
MM, 77, 11, 11
MM, 78, 12, 13
MC, 1, 210
MM, 78, 11, 124
MM, 78, 10, 13
MM, 79, 8, 12
MM, 86, 3, 24
MM, 88, 2, 13
MM, 89, 0, 12
MM, 4, 27, 62
MM, 5, 19, 26
MM, 6, 14, 11
MM, 7, 11, 25
MM, 7, 9, 12
MM, 8, 9, 37
MM, 9, 8, 12
MM, 10, 8, 13
MM, 10, 7, 24
MM, 11, 7, 25
MM, 12, 6, 13
MC, 1, 122
MM, 18, 2, 124
MM, 515, 628, 13
MM, 23, 25, 12
MM, 1, 13, 25
MM, 17, 4, 25
MM, 20, 2, 12
MM, 22, 1, 11
MM, 23, 0, 25
MM, 563, 596, 13
MM, 564, 596, 12
MM, 564, 594, 12
MM, 0, 22, 25
MM, 1, 20, 13
MM, 2, 19, 12
MM, 2, 18, 12
MC, 1, 297
MM, 1, 18, 87
MM, 569, 578, 13
MM, 565, 578, 11
MM, 28, 18, 25
MM, 25, 18, 13
MM, 23, 18, 11
MM, 20, 17, 26
MM, 17, 16, 13
MM, 15, 16, 12
MM, 13, 15, 12
MM, 10, 14, 12
MM, 9, 14, 13
MM, 6, 14, 12
MM, 4, 14, 13
MM, 3, 14, 11
MM, 2, 14, 13
MM, 0, 13, 26
MM, 530, 573, 11
MM, 528, 573, 24
MM, 526, 573, 25
MM, 525, 573, 13
MM, 30, 13, 11
MM, 29, 13, 13
MC, 1, 111
MC, 2, 123
MC, 3, 199
MM, 28, 13, 284
MM, 25, 13, 12
MM, 21, 13, 12
MM, 18, 13, 13
MM, 15, 13, 13
MM, 12, 13, 12
MM, 9, 13, 12
MM, 5, 13, 12
MM, 1, 13, 26
MM, 0, 13, 11
MM, 492, 573, 13
MM, 491, 572, 26
MM, 490, 572, 10
MM, 491, 572, 87
MM, 2, 12, 11
MM, 26, 12, 26
MM, 16, 12, 12
MM, 25, 6, 25
MM, 756, 549, 25
MM, 878, 509, 26
MM, 924, 489, 10
MM, 929, 522, 136
MM, 899, 536, 13
MM, 878, 551, 13
MM, 861, 565, 12
MM, 837, 580, 25
MM, 835, 581, 13
MM, 832, 581, 24
MM, 831, 580, 13
MM, 826, 572, 24
MM, 820, 568, 12
MM, 814, 562, 13
MM, 807, 556, 25
MM, 806, 554, 11
MM, 766, 546, 852
MM, 32, 25, 13
MM, 29, 27, 25
MM, 577, 550, 24
MM, 533, 550, 25
MM, 9, 28, 25
MM, 493, 551, 24
MM, 33, 28, 13
MM, 21, 28, 24
MM, 454, 551, 34
MM, 32, 28, 16
MM, 31, 28, 12
MM, 34, 28, 87
MM, 452, 551, 12
MM, 4, 28, 25
MM, 493, 554, 24
MM, 589, 557, 39
MM, 639, 557, 23
MM, 701, 557, 24
MM, 763, 551, 26
MM, 764, 564, 198
MM, 9, 28, 12
MM, 564, 629, 24
MM, 8, 22, 25
MM, 323, 669, 26
MM, 285, 671, 24
MM, 278, 671, 12
MM, 276, 671, 13
MM, 276, 670, 24
MM, 276, 668, 12
MM, 280, 660, 25
MM, 288, 642, 13
MM, 52, 9, 37
MM, 2, 1, 25
MM, 355, 593, 24
MM, 10, 29, 25
MM, 34, 25, 24
MM, 4, 24, 13
MM, 10, 20, 37
MM, 25, 18, 26
MM, 27, 18, 11
MM, 29, 18, 11
MM, 31, 18, 44
MM, 488, 578, 7
MM, 1, 18, 24
MM, 5, 18, 26
MM, 6, 18, 24
MM, 5, 18, 222
MM, 4, 18, 14
MM, 2, 18, 159
MM, 1, 18, 86
MM, 0, 18, 13
MM, 493, 578, 25
MM, 491, 578, 12
MM, 490, 578, 13
MM, 27, 18, 24
MM, 22, 18, 12
MM, 18, 18, 13
MM, 10, 15, 24
MM, 8, 13, 13
MM, 4, 9, 12
MM, 455, 565, 13
MM, 26, 0, 25
MM, 437, 559, 24
MM, 435, 559, 13
MP, 1, 74
MR, 1, 73
MC, 1, 0
MM, 436, 559, 75
MM, 438, 559, 11
MM, 440, 559, 13
MM, 29, 2, 12
MM, 451, 569, 26
MM, 1, 13, 24
MM, 4, 14, 25
MM, 5, 14, 11
MM, 5, 15, 114
MM, 4, 15, 11
MM, 2, 16, 12
MM, 454, 577, 26
MM, 453, 577, 11
MM, 452, 577, 13
MM, 451, 577, 49
MP, 1, 38
MR, 1, 73
MC, 1, 1
MM, 452, 577, 148
MM, 453, 577, 36
MM, 451, 577, 62
MM, 33, 17, 13
MM, 30, 17, 12
MM, 23, 17, 25
MM, 22, 17, 24
MC, 1, 210
MM, 23, 17, 37
MM, 24, 17, 26
MM, 25, 17, 25
MM, 26, 17, 12
MM, 27, 17, 12
MM, 28, 17, 13
MM, 34, 17, 25
MM, 453, 577, 11
MM, 2, 17, 26
MM, 4, 17, 12
MM, 8, 17, 24
MM, 9, 17, 13
MM, 11, 17, 11
MC, 1, 111
MM, 13, 17, 136
MM, 14, 17, 13
MM, 17, 18, 12
MM, 19, 19, 13
MM, 28, 23, 25
MM, 492, 586, 12
MM, 511, 592, 25
MM, 527, 594, 11
MM, 541, 594, 13
MM, 556, 595, 25
MM, 559, 596, 13
MM, 20, 0, 25
MM, 20, 1, 24
MM, 20, 2, 37
MM, 18, 2, 12
MM, 16, 3, 13
MM, 8, 3, 24
MM, 538, 601, 13
MM, 12, 7, 25
MM, 13, 10, 25
MM, 4, 11, 24
MM, 1, 11, 12
MM, 461, 608, 13
MM, 460, 608, 24
MP, 1, 111
MR, 1, 62
MC, 1, 0
MM, 461, 608, 49
MM, 0, 11, 13
MM, 1, 11, 25
MM, 2, 11, 62
MM, 4, 11, 209
MM, 7, 11, 13
MM, 11, 11, 12
MM, 23, 11, 25
MM, 0, 11, 12
MM, 30, 10, 25
MM, 3, 9, 24
MM, 23, 5, 25
MM, 28, 1, 26
MM, 707, 595, 23
MM, 715, 595, 25
MM, 717, 595, 13
MM, 717, 596, 148
MM, 716, 596, 11
MM, 715, 596, 13
MM, 714, 596, 13
MM, 710, 597, 25
MM, 704, 598, 11
MM, 695, 599, 26
MM, 693, 599, 12
MM, 692, 599, 11
MM, 691, 600, 149
MM, 689, 601, 13
MM, 27, 6, 11
MM, 25, 7, 13
MM, 24, 8, 12
MM, 23, 9, 25
MM, 21, 9, 174
MM, 20, 9, 37
MM, 17, 9, 12
MM, 14, 9, 12
MM, 9, 8, 12
MM, 655, 602, 13
MM, 629, 595, 24
MM, 622, 591, 13
MM, 8, 28, 12
MM, 6, 26, 25
MM, 6, 25, 12
MM, 6, 24, 50
MC, 1, 186
MM, 4, 24, 111
MM, 609, 584, 12
MM, 31, 25, 12
MM, 3, 29, 25
MM, 551, 592, 12
MM, 484, 593, 25
MM, 467, 593, 12
MM, 454, 593, 13
MM, 447, 592, 12
MM, 24, 26, 25
MM, 22, 24, 12
MM, 20, 21, 13
MM, 20, 20, 25
MM, 20, 19, 11
MM, 20, 18, 87
MM, 20, 17, 25
MC, 1, 86
MM, 19, 17, 38
MM, 19, 18, 11
MM, 18, 18, 13
MM, 18, 19, 12
MM, 16, 21, 13
MM, 10, 24, 24
MM, 8, 26, 12
MM, 6, 28, 13
MM, 5, 28, 12
MM, 5, 29, 12
MM, 418, 591, 25
MM, 417, 593, 13
MM, 417, 597, 11
MM, 416, 599, 14
MM, 34, 5, 24
MC, 1, 173
MM, 34, 6, 74
MM, 34, 7, 26
MM, 33, 7, 24
MM, 32, 8, 13
MM, 31, 8, 12
MM, 31, 9, 37
MM, 30, 9, 12
MM, 29, 9, 12
MC, 1, 75
MM, 30, 9, 98
MM, 31, 9, 37
MM, 32, 9, 37
MM, 33, 9, 24
MM, 34, 9, 13
MM, 419, 607, 13
MM, 22, 15, 25
MM, 2, 19, 11
MM, 567, 629, 39
MM, 9, 22, 23
MM, 27, 8, 26
MM, 719, 591, 37
MM, 725, 587, 73
MM, 731, 584, 86
MM, 736, 580, 13
MM, 740, 578, 14
MM, 745, 576, 24
MM, 746, 574, 12
MM, 750, 572, 24
MM, 754, 571, 25
MM, 763, 568, 24
MM, 766, 567, 13
MM, 766, 566, 12
MM, 768, 565, 25
MM, 768, 564, 50
MM, 769, 564, 49
MM, 771, 560, 37
MM, 764, 555, 383
MM, 757, 560, 13
MM, 748, 567, 13
MM, 739, 573, 12
MM, 709, 596, 24
MM, 698, 604, 12
MM, 30, 14, 12
MM, 13, 22, 26
MM, 1, 26, 12
MM, 30, 28, 11
MM, 632, 631, 25
MM, 8, 1, 25
MM, 0, 5, 25
MM, 38, 6, 12
MM, 28, 9, 25
MM, 19, 11, 25
MM, 15, 12, 12
MM, 11, 14, 13
MM, 6, 15, 11
MM, 33, 21, 25
MM, 24, 25, 13
MM, 539, 666, 25
MM, 128, 0, 24
MM, 123, 3, 13
MM, 110, 6, 25
MM, 107, 7, 11
MM, 106, 7, 13
MM, 105, 8, 12
MM, 106, 5, 569
MM, 107, 2, 12
MM, 507, 665, 13
MM, 19, 16, 25
MM, 19, 8, 11
MM, 8, 26, 25
MM, 8, 3, 25
MM, 507, 592, 24
MM, 13, 29, 13
MM, 13, 28, 12
MM, 13, 27, 25
MM, 13, 26, 37
MC, 1, 174
MM, 16, 26, 136
MM, 22, 27, 11
MM, 28, 29, 12
MM, 530, 593, 13
MM, 15, 9, 25
MM, 27, 20, 24
MM, 30, 22, 13
MM, 31, 23, 25
MM, 31, 24, 12
MM, 32, 24, 12
MM, 26, 24, 223
MM, 24, 24, 24
MM, 23, 24, 13
MM, 21, 24, 12
MM, 20, 23, 12
MM, 17, 23, 25
MM, 15, 23, 75
MM, 12, 23, 11
MM, 5, 24, 14
MM, 32, 26, 24
MM, 0, 28, 25
MM, 20, 29, 11
MM, 32, 29, 26
MM, 1, 29, 24
MM, 31, 29, 25
MM, 23, 29, 25
MM, 22, 29, 12
MM, 19, 29, 25
MM, 18, 29, 11
MM, 17, 29, 13
MM, 16, 29, 25
MM, 14, 29, 12
MM, 11, 28, 27
MM, 10, 28, 10
MM, 8, 28, 13
MM, 7, 28, 12
MM, 2, 27, 24
MM, 1, 26, 13
MM, 379, 622, 13
MM, 377, 621, 24
MM, 374, 617, 25
MM, 34, 19, 25
MM, 33, 18, 12
MM, 33, 17, 50
MC, 1, 147
MM, 33, 16, 197
MM, 34, 15, 13
MM, 375, 612, 25
MM, 2, 14, 13
MM, 24, 11, 25
MM, 420, 606, 12
MM, 24, 7, 24
MM, 29, 6, 14
MM, 34, 6, 24
MM, 456, 603, 11
MM, 457, 603, 26
MM, 460, 601, 36
MM, 0, 3, 13
MM, 1, 3, 12
MM, 4, 2, 26
MM, 5, 2, 12
MM, 7, 2, 12
MM, 9, 1, 12
MM, 11, 1, 13
MM, 478, 595, 24
MM, 30, 25, 26
MM, 492, 581, 12
MM, 15, 12, 26
MM, 24, 9, 23
MM, 27, 8, 12
MM, 29, 8, 24
MM, 30, 8, 26
MC, 1, 136
MM, 29, 8, 73
MM, 28, 8, 13
MM, 27, 8, 36
MM, 27, 9, 13
MM, 26, 9, 12
MM, 26, 10, 37
MM, 26, 12, 149
MM, 26, 15, 12
MM, 26, 20, 13
MM, 520, 591, 12
MM, 21, 21, 12
MM, 120, 28, 25
MM, 509, 718, 284
MM, 508, 713, 12
MM, 506, 711, 12
MM, 506, 708, 26
MM, 506, 707, 61
MM, 505, 707, 123
MM, 505, 706, 148
MM, 105, 30, 50
MM, 104, 22, 12
MM, 102, 15, 25
MM, 102, 13, 13
MM, 101, 12, 13
MM, 100, 9, 901
MM, 101, 2, 11
MM, 17, 26, 13
MM, 18, 28, 38
MM, 523, 594, 25
MM, 30, 18, 24
MM, 525, 570, 26
MM, 525, 568, 23
MM, 525, 567, 24
MM, 30, 7, 62
MM, 29, 7, 26
MM, 28, 7, 13
MM, 27, 7, 37
MM, 26, 7, 13
MM, 25, 7, 23
MM, 23, 7, 13
MM, 21, 7, 12
MM, 19, 8, 13
MM, 17, 10, 24
MM, 16, 10, 25
MM, 16, 11, 13
MM, 13, 13, 160
MM, 8, 16, 13
MM, 0, 19, 12
MM, 27, 24, 24
MM, 24, 25, 25
MM, 23, 25, 13
MM, 22, 25, 11
MM, 21, 25, 62
MM, 20, 25, 13
MM, 19, 25, 12
MM, 18, 25, 25
MC, 1, 85
MM, 17, 25, 51
MM, 16, 25, 12
MM, 12, 27, 25
MM, 9, 29, 13
MM, 6, 30, 11
MM, 448, 592, 25
MM, 4, 0, 27
MM, 416, 599, 10
MM, 24, 5, 27
MM, 14, 8, 23
MM, 7, 9, 24
MM, 6, 10, 13
MM, 3, 10, 25
MM, 2, 10, 12
MM, 1, 10, 12
MM, 0, 10, 38
MM, 379, 607, 37
MM, 378, 607, 48
MM, 377, 607, 25
MM, 376, 607, 13
MM, 34, 10, 24
MM, 32, 10, 12
MM, 24, 12, 25
MM, 23, 13, 13
MM, 19, 16, 24
MC, 1, 174
MM, 21, 16, 49
MM, 23, 16, 25
MM, 24, 17, 13
MM, 27, 19, 12
MM, 374, 620, 24
MM, 15, 28, 25
MM, 421, 629, 36
MM, 424, 630, 13
MM, 428, 630, 24
MM, 433, 630, 25
MM, 438, 630, 13
MM, 442, 632, 12
MM, 448, 633, 24
MM, 3, 1, 25
MM, 4, 2, 13
MM, 10, 4, 24
MM, 12, 4, 14
MM, 14, 4, 11
MM, 15, 5, 13
MM, 15, 6, 37
MC, 1, 172
MM, 15, 5, 63
MM, 12, 1, 24
MM, 34, 20, 24
MM, 26, 5, 26
MM, 444, 596, 24
MM, 443, 595, 26
MM, 443, 593, 12
MM, 443, 592, 36
MP, 1, 111
MR, 1, 25
MC, 1, 0
MM, 443, 591, 62
MM, 442, 591, 36
MM, 27, 30, 26
MM, 27, 29, 12
MM, 27, 26, 24
MM, 27, 24, 25
MM, 28, 23, 236
MM, 29, 23, 13
MM, 30, 24, 12
MM, 33, 24, 12
MM, 451, 583, 12
MM, 7, 22, 25
MM, 25, 22, 25
MM, 489, 582, 12
MM, 29, 27, 25
MM, 538, 592, 13
MM, 21, 4, 25
MM, 8, 13, 24
MM, 612, 619, 39
MM, 1, 23, 23
MM, 8, 23, 24
MM, 12, 23, 13
MM, 19, 23, 25
MM, 23, 23, 11
MM, 26, 23, 13
MM, 31, 23, 25
MM, 654, 620, 24
MM, 657, 620, 12
MM, 11, 20, 25
MM, 20, 17, 26
MM, 23, 16, 11
MM, 24, 16, 13
MM, 25, 15, 24
MM, 26, 15, 25
MM, 26, 14, 25
MC, 1, 86
MM, 25, 14, 49
MM, 24, 14, 13
MM, 23, 14, 11
MM, 20, 16, 28
MM, 14, 18, 23
MM, 8, 21, 12
MM, 630, 628, 24
MM, 615, 633, 13
MM, 1, 17, 24
MM, 20, 28, 26
MM, 539, 667, 24
MM, 531, 670, 25
MM, 129, 0, 12
MM, 119, 1, 25
MM, 106, 3, 37
MM, 102, 6, 25
MM, 100, 7, 11
MM, 99, 8, 13
MM, 97, 8, 25
MM, 96, 9, 13
MM, 95, 11, 12
MM, 94, 11, 12
MM, 94, 12, 25
MC, 1, 161
MM, 95, 11, 98
MM, 99, 8, 13
MM, 28, 30, 11
MM, 552, 633, 38
MM, 26, 28, 12
MM, 5, 16, 25
MM, 17, 3, 25
MM, 8, 23, 24
MM, 645, 569, 26
MM, 8, 3, 24
MM, 10, 2, 37
MM, 12, 1, 49
MM, 13, 0, 13
MM, 663, 559, 12
MM, 666, 558, 24
MM, 668, 558, 13
MM, 668, 559, 125
MP, 1, 1
MR, 1, 83
MM, 19, 1, 100
MM, 18, 2, 12
MM, 17, 3, 37
MC, 2, 100
MM, 17, 4, 25
MM, 16, 6, 49
MM, 14, 10, 12
MM, 646, 582, 25
MM, 23, 30, 12
MM, 27, 7, 25
MM, 34, 0, 37
MM, 7, 12, 25
MM, 24, 17, 24
MM, 17, 18, 24
MM, 15, 19, 25
MM, 11, 19, 37
MM, 484, 655, 25
MM, 22, 22, 26
MM, 15, 22, 25
MM, 14, 23, 11
MM, 12, 23, 13
MM, 12, 22, 283
MM, 12, 21, 74
MC, 1, 371
MM, 12, 20, 99
MM, 12, 19, 12
MM, 12, 14, 12
MM, 12, 9, 13
MM, 11, 4, 12
MM, 460, 633, 13
MM, 458, 625, 11
MM, 457, 615, 27
MM, 457, 612, 11
MM, 457, 609, 13
MM, 457, 608, 11
MM, 457, 606, 13
MM, 456, 605, 12
MM, 456, 603, 13
MM, 456, 602, 11
MM, 34, 4, 13
MM, 32, 2, 12
MM, 451, 596, 26
MM, 450, 594, 11
MM, 31, 29, 25
MM, 31, 27, 13
MM, 28, 24, 25
MM, 27, 22, 12
MC, 1, 124
MM, 29, 22, 123
MM, 30, 22, 12
MM, 450, 582, 26
MM, 452, 582, 11
MM, 454, 582, 25
MM, 455, 582, 13
MM, 2, 23, 24
MM, 4, 23, 26
MM, 5, 23, 11
MM, 7, 23, 24
MC, 1, 100
MM, 7, 24, 86
MM, 7, 25, 25
MM, 8, 28, 24
MM, 9, 30, 13
MM, 467, 593, 12
MM, 8, 15, 24
MM, 473, 632, 26
MM, 26, 13, 25
MM, 27, 26, 24
MM, 477, 665, 25
MM, 478, 669, 25
MM, 478, 670, 24
MM, 78, 0, 13
MM, 78, 2, 26
MM, 79, 4, 23
MM, 79, 5, 12
MM, 80, 6, 12
MM, 80, 7, 13
MM, 81, 7, 25
MC, 1, 172
MM, 81, 6, 149
MM, 80, 1, 12
MM, 28, 25, 12
MM, 10, 0, 38
MM, 409, 572, 25
MM, 27, 5, 24
MM, 23, 4, 24
MM, 22, 4, 27
MM, 22, 3, 11
MM, 22, 2, 12
MM, 393, 559, 74
MM, 393, 557, 25
MM, 392, 557, 13
MM, 392, 555, 24
MM, 392, 554, 12
MM, 19, 30, 13
MM, 22, 22, 25
MM, 27, 15, 12
MM, 412, 527, 12
MM, 427, 519, 26
MM, 428, 518, 12
MM, 430, 518, 13
MM, 431, 518, 24
MM, 432, 518, 12
MM, 433, 518, 13
MM, 435, 520, 25
MM, 435, 521, 11
MM, 21, 0, 24
MM, 21, 1, 27
MM, 21, 2, 24
MM, 21, 3, 24
MM, 20, 4, 12
MM, 18, 6, 25
MM, 17, 7, 13
MM, 19, 9, 209
MM, 20, 13, 13
MM, 28, 21, 27
MM, 455, 552, 10
MM, 2, 23, 25
MM, 17, 23, 24
MM, 25, 6, 39
MM, 3, 18, 24
MM, 643, 671, 37
MM, 653, 679, 24
MM, 655, 680, 12
MM, 656, 681, 14
MM, 655, 679, 85
MM, 653, 675, 12
MM, 651, 671, 13
MM, 648, 668, 25
MM, 648, 666, 24
MM, 648, 665, 13
MM, 30, 28, 23
MM, 25, 21, 26
MM, 24, 20, 11
MM, 22, 17, 26
MM, 21, 17, 13
MM, 21, 16, 24
MC, 1, 124
MM, 22, 16, 49
MM, 24, 16, 26
MM, 25, 16, 12
MM, 30, 10, 25
MM, 651, 638, 11
MM, 25, 22, 37
MM, 694, 604, 25
MM, 13, 30, 25
MM, 22, 19, 25
MM, 24, 17, 12
MM, 27, 15, 12
MM, 28, 14, 24
MM, 28, 13, 13
MM, 29, 13, 25
MM, 31, 12, 26
MM, 33, 12, 11
MM, 34, 11, 13
MM, 34, 10, 36
MM, 724, 570, 13
MM, 727, 563, 24
MM, 727, 561, 13
MM, 727, 559, 12
MM, 727, 558, 25
MM, 727, 557, 24
MM, 727, 556, 25
MM, 727, 554, 14
MM, 25, 27, 23
MM, 25, 24, 25
MM, 25, 23, 13
MM, 25, 22, 24
MC, 1, 136
MC, 2, 173
MC, 3, 136
MC, 4, 148
MM, 25, 23, 272
MM, 25, 24, 62
MM, 26, 25, 12
MM, 28, 28, 25
MM, 30, 28, 12
MM, 740, 551, 25
MM, 750, 551, 25
MM, 761, 545, 24
MM, 767, 542, 13
MM, 770, 540, 359
MM, 762, 542, 25
MM, 755, 544, 11
MM, 749, 548, 25
MM, 747, 549, 13
MM, 744, 552, 24
MM, 739, 557, 25
MM, 33, 6, 24
MM, 7, 18, 26
MM, 675, 592, 12
MM, 11, 3, 24
MM, 614, 649, 25
MM, 610, 652, 25
MM, 38, 19, 24
MM, 36, 19, 25
MM, 33, 19, 25
MM, 32, 19, 37
MM, 31, 19, 24
MM, 30, 19, 13
MM, 27, 19, 12
MM, 21, 19, 24
MM, 18, 19, 25
MM, 15, 21, 13
MM, 7, 27, 24
MM, 570, 667, 13
MM, 158, 8, 25
MM, 154, 13, 24
MM, 153, 13, 14
MM, 151, 17, 24
MM, 150, 18, 12
MM, 148, 21, 24
MM, 147, 21, 13
MC, 1, 111
MM, 149, 21, 111
MM, 150, 19, 13
MM, 158, 11, 11
MM, 569, 670, 25
MM, 571, 667, 25
MM, 572, 666, 24
MM, 572, 665, 12
MM, 573, 665, 13
MM, 3, 30, 13
MM, 3, 29, 62
MM, 3, 28, 48
MM, 4, 28, 38
MM, 7, 25, 12
MM, 19, 16, 13
MM, 36, 2, 24
MM, 37, 0, 12
MM, 609, 633, 26
MP, 1, 24
MR, 1, 112
MC, 1, 0
MM, 38, 0, 62
MM, 37, 2, 24
MM, 37, 3, 12
MM, 35, 5, 24
MM, 34, 6, 26
MM, 33, 7, 12
MM, 31, 7, 13
MM, 28, 9, 25
MM, 27, 10, 12
MM, 26, 10, 12
MM, 26, 11, 25
MC, 1, 73
MM, 26, 10, 74
MM, 27, 10, 14
MM, 31, 7, 24
MM, 34, 3, 12
MM, 611, 628, 25
MM, 615, 622, 25
MM, 616, 621, 12
MM, 616, 620, 11
MM, 616, 618, 25
MM, 616, 616, 13
MM, 616, 611, 24
MM, 617, 607, 13
MM, 0, 7, 13
MM, 0, 3, 23
MM, 1, 0, 27
MM, 619, 596, 25
MM, 619, 595, 11
MM, 620, 595, 38
MP, 1, 25
MR, 1, 72
MM, 623, 594, 76
MM, 625, 594, 11
MM, 627, 593, 13
MM, 629, 592, 25
MM, 630, 591, 13
MM, 20, 25, 24
MM, 20, 23, 12
MM, 20, 20, 25
MM, 20, 19, 12
MC, 1, 112
MM, 20, 20, 124
MM, 21, 24, 11
MM, 23, 30, 25
MM, 636, 593, 13
MM, 19, 1, 25
MM, 21, 6, 25
MM, 22, 7, 13
MM, 26, 10, 23
MM, 28, 11, 12
MM, 30, 11, 13
MM, 31, 11, 25
MM, 32, 11, 12
MM, 33, 11, 25
MM, 652, 608, 12
MM, 654, 608, 24
MM, 655, 608, 13
MM, 656, 608, 24
MM, 657, 608, 12
MM, 0, 11, 26
MC, 1, 135
MM, 657, 608, 111
MM, 656, 608, 12
MM, 655, 608, 14
MM, 32, 11, 11
MM, 6, 13, 27
MM, 16, 16, 11
MM, 32, 18, 25
MM, 28, 18, 25
MM, 10, 15, 25
MM, 5, 14, 11
MM, 0, 13, 13
MM, 34, 13, 12
MM, 17, 13, 24
MM, 10, 13, 13
MM, 5, 14, 12
MM, 419, 612, 25
MM, 417, 612, 12
MM, 34, 15, 13
MM, 28, 11, 26
MM, 25, 8, 11
MM, 23, 6, 12
MM, 22, 3, 13
MM, 21, 1, 14
MM, 21, 0, 11
MM, 401, 595, 11
MM, 404, 593, 26
MM, 405, 591, 12
MM, 35, 30, 14
MM, 411, 587, 22
MM, 412, 586, 25
MM, 413, 585, 13
MM, 413, 584, 13
MM, 413, 583, 11
MM, 414, 583, 75
MM, 0, 23, 49
MM, 0, 21, 123
MM, 0, 22, 50
MM, 0, 23, 135
MM, 0, 24, 12
MM, 414, 585, 13
MM, 413, 585, 25
MM, 411, 586, 12
MM, 410, 588, 12
MM, 35, 29, 13
MM, 403, 596, 12
MM, 19, 7, 25
MM, 18, 11, 37
MM, 19, 12, 223
MM, 17, 15, 62
MM, 600, 629, 85
MM, 18, 3, 88
MM, 716, 636, 74
MM, 757, 627, 73
MM, 764, 627, 50
MM, 769, 627, 99
MM, 3, 15, 38
MM, 4, 15, 48
