********************************************************************************
LOGGING TIME: 20171031_213058
CLIENT IP: 10.145.130.117
USERNAME: hp pc
OS: Windows 10
**********************************Emotional database********************************************************************************
MM, 27, 28, 1507533521447
MM, 23, 25, 920
MM, 5, 12, 10
MM, 756, 605, 10
MM, 13, 0, 19
MM, 657, 525, 21
MM, 638, 510, 10
MM, 362, 75, 20
MM, 353, 67, 11
MM, 347, 62, 10
MM, 341, 57, 9
MM, 335, 52, 11
MM, 330, 48, 10
MM, 327, 44, 10
MM, 319, 38, 20
MM, 315, 34, 10
MM, 312, 32, 10
MM, 307, 26, 11
MM, 302, 20, 9
MM, 541, 414, 21
MM, 533, 403, 9
MM, 254, 74, 40
MM, 240, 56, 20
MM, 235, 48, 11
MM, 227, 42, 10
MM, 214, 32, 20
MM, 204, 24, 10
MM, 199, 21, 10
MM, 199, 19, 302
MM, 198, 16, 9
MM, 438, 283, 21
MM, 430, 272, 10
MM, 414, 249, 10
MM, 361, 167, 50
MM, 353, 156, 10
MM, 343, 141, 10
MM, 337, 130, 10
MM, 313, 93, 41
MM, 306, 81, 21
MM, 303, 76, 9
MM, 300, 73, 10
MM, 298, 66, 20
MM, 297, 65, 11
MM, 296, 61, 19
MM, 296, 60, 11
MM, 296, 58, 10
MM, 295, 57, 20
MM, 295, 56, 10
MM, 295, 54, 20
MM, 294, 53, 20
MM, 294, 52, 10
MM, 294, 49, 20
MM, 294, 48, 20
MM, 294, 46, 10
MM, 294, 45, 11
MM, 294, 44, 29
MM, 294, 43, 111
MM, 294, 44, 432
MM, 294, 45, 20
MM, 294, 46, 10
MM, 294, 48, 21
MM, 294, 49, 10
MM, 294, 51, 11
MM, 294, 53, 9
MM, 294, 56, 20
MM, 294, 57, 10
MM, 294, 59, 10
MM, 294, 61, 21
MM, 293, 64, 10
MM, 292, 67, 9
MM, 291, 71, 21
MM, 290, 73, 10
MM, 289, 76, 10
MM, 289, 78, 10
MM, 288, 80, 20
MM, 287, 83, 20
MM, 287, 84, 10
MM, 287, 85, 10
MM, 286, 86, 20
MM, 286, 87, 10
MM, 286, 88, 21
MM, 285, 88, 10
MM, 285, 89, 10
MM, 285, 90, 40
MM, 285, 91, 30
MM, 285, 92, 40
MM, 284, 93, 40
MM, 284, 94, 21
MM, 284, 95, 10
MM, 289, 120, 2363
MM, 292, 130, 10
MM, 298, 153, 20
MM, 303, 171, 20
MM, 318, 251, 101
MM, 318, 257, 10
MM, 319, 270, 20
MM, 319, 279, 20
MM, 69, 3, 20
MM, 69, 7, 10
MM, 69, 14, 21
MM, 69, 17, 10
MM, 69, 21, 20
MM, 69, 22, 10
MM, 69, 24, 20
MM, 69, 25, 21
MM, 69, 26, 19
MM, 69, 27, 10
MM, 69, 29, 20
MM, 69, 30, 10
MM, 69, 31, 21
MM, 69, 32, 10
MM, 69, 33, 19
MM, 69, 34, 21
MC, 1, 613
MM, 71, 34, 103693
MM, 78, 34, 20
MM, 84, 36, 10
MM, 97, 44, 20
MM, 114, 59, 20
MM, 120, 68, 11
MM, 385, 372, 20
MM, 396, 390, 20
MM, 402, 404, 10
MM, 158, 7, 20
MM, 161, 19, 20
MM, 164, 30, 20
MM, 165, 34, 10
MM, 165, 45, 20
MM, 165, 51, 10
MM, 165, 58, 21
MM, 165, 64, 19
MM, 165, 69, 21
MM, 165, 71, 10
MM, 163, 74, 20
MM, 160, 78, 20
MM, 159, 79, 10
MM, 154, 81, 20
MM, 148, 82, 20
MM, 142, 83, 20
MM, 140, 83, 10
MM, 135, 83, 21
MM, 133, 83, 10
MM, 129, 83, 21
MM, 126, 83, 10
MM, 125, 83, 20
MM, 122, 83, 10
MM, 119, 83, 30
MM, 118, 83, 10
MM, 116, 83, 20
MM, 114, 83, 20
MM, 110, 83, 20
MM, 107, 83, 10
MM, 101, 83, 20
MM, 98, 82, 11
MM, 88, 79, 20
MM, 79, 74, 20
MM, 70, 69, 21
MM, 67, 66, 9
MM, 61, 63, 20
MM, 59, 61, 10
MM, 55, 58, 20
MM, 53, 56, 21
MM, 52, 56, 10
MM, 51, 55, 10
MM, 50, 54, 30
MM, 50, 53, 10
MM, 49, 53, 10
MM, 48, 52, 20
MM, 47, 52, 30
MM, 46, 51, 10
MM, 46, 50, 20
MM, 45, 49, 10
MM, 44, 48, 31
MM, 44, 47, 10
MM, 43, 46, 40
MC, 1, 412
MM, 45, 47, 252
MM, 47, 49, 10
MM, 55, 57, 20
MM, 59, 60, 10
MM, 68, 70, 20
MM, 77, 82, 20
MM, 82, 89, 20
MM, 338, 511, 30
MM, 340, 514, 20
MM, 341, 516, 20
MM, 342, 517, 12
MM, 343, 518, 20
MM, 344, 520, 20
MM, 347, 522, 30
MM, 350, 522, 20
MM, 372, 526, 101
MM, 3, 4, 20
MM, 6, 5, 20
MM, 7, 6, 10
MM, 10, 7, 20
MM, 12, 7, 10
MM, 15, 9, 20
MM, 18, 10, 20
MM, 20, 10, 20
MM, 21, 11, 10
MM, 22, 11, 21
MM, 23, 11, 614
MM, 28, 11, 9
MM, 0, 8, 21
MM, 4, 3, 30
MM, 497, 519, 21
MM, 529, 515, 19
MM, 555, 512, 20
MM, 579, 510, 20
MM, 598, 508, 21
MM, 613, 508, 19
MM, 618, 508, 10
MM, 629, 508, 20
MM, 638, 508, 21
MM, 648, 508, 19
MM, 655, 508, 20
MM, 669, 508, 30
MM, 674, 508, 21
MM, 679, 508, 20
MM, 685, 509, 30
MM, 687, 510, 11
MM, 689, 511, 20
MM, 690, 511, 20
MM, 691, 513, 30
MM, 692, 515, 30
MM, 693, 518, 30
MM, 693, 520, 20
MM, 693, 522, 20
MM, 32, 2, 20
MM, 32, 4, 21
MM, 31, 5, 20
MM, 30, 7, 20
MM, 30, 8, 30
MM, 29, 8, 10
MM, 27, 10, 61
MM, 26, 11, 40
MM, 26, 12, 532
MM, 25, 17, 21
MM, 23, 29, 20
MM, 684, 566, 20
MM, 684, 579, 30
MM, 683, 588, 20
MM, 682, 596, 20
MM, 24, 6, 20
MM, 24, 10, 21
MM, 24, 14, 20
MM, 23, 18, 31
MM, 22, 21, 19
MM, 22, 25, 20
MM, 22, 28, 20
MM, 679, 629, 20
MM, 678, 632, 31
MM, 678, 633, 21
MM, 26, 0, 20
MM, 26, 1, 9
MM, 26, 2, 30
MM, 26, 3, 31
MM, 25, 3, 20
MM, 25, 4, 10
MM, 25, 5, 10
MM, 23, 8, 40
MM, 21, 12, 20
MM, 19, 14, 20
MM, 19, 15, 20
MM, 18, 16, 20
MM, 18, 17, 41
MC, 1, 432
MM, 16, 17, 301
MM, 13, 16, 20
MM, 5, 13, 21
MM, 29, 8, 21
MM, 16, 2, 20
MM, 614, 628, 20
MM, 19, 24, 20
MM, 1, 15, 30
MM, 30, 9, 20
MM, 8, 0, 30
MM, 536, 592, 20
MM, 526, 588, 21
MM, 22, 24, 19
MM, 9, 21, 20
MM, 30, 16, 30
MM, 18, 13, 31
MM, 9, 10, 30
MM, 4, 9, 20
MM, 455, 566, 20
MM, 450, 563, 31
MM, 31, 1, 30
MM, 30, 1, 20
MM, 33, 1, 171
MM, 452, 561, 20
MM, 1, 1, 20
MM, 8, 3, 30
MM, 12, 4, 20
MM, 17, 6, 20
MM, 22, 6, 20
MM, 26, 8, 20
MM, 490, 570, 31
MM, 1, 11, 19
MM, 5, 12, 31
MM, 7, 12, 20
MM, 8, 12, 20
MM, 9, 12, 50
MM, 10, 13, 20
MM, 12, 13, 20
MM, 14, 13, 21
MM, 15, 13, 9
MM, 16, 14, 21
MM, 17, 14, 19
MC, 1, 393
MM, 18, 14, 121
MM, 1, 28, 41
MM, 6, 1, 30
MM, 16, 9, 30
MM, 20, 11, 20
MM, 22, 12, 20
MM, 23, 13, 10
MM, 24, 13, 40
MM, 24, 14, 31
MC, 1, 481
MM, 23, 14, 192
MM, 18, 14, 21
MM, 11, 14, 20
MM, 3, 14, 20
MM, 20, 12, 30
MM, 30, 5, 30
MM, 0, 1, 40
MM, 451, 596, 21
MM, 437, 594, 30
MM, 425, 591, 30
MM, 423, 591, 9
MM, 2, 30, 20
MM, 414, 589, 20
MM, 411, 587, 30
MM, 410, 586, 11
MM, 409, 584, 30
MM, 409, 582, 30
MM, 409, 581, 10
MM, 409, 579, 41
MM, 409, 578, 20
MM, 410, 576, 20
MM, 3, 13, 20
MM, 15, 11, 31
MM, 19, 11, 19
MM, 21, 11, 30
MC, 1, 463
MM, 22, 11, 282
MM, 25, 18, 20
MM, 28, 25, 20
MM, 30, 6, 30
MM, 458, 628, 30
MM, 15, 11, 30
MM, 21, 27, 21
MM, 76, 12, 30
MM, 80, 23, 20
MM, 483, 703, 30
MM, 484, 706, 20
MM, 484, 707, 10
MM, 484, 708, 30
MM, 484, 709, 50
MM, 484, 707, 413
MM, 84, 27, 20
MM, 84, 17, 30
MM, 84, 13, 41
MM, 84, 12, 40
MC, 1, 553
MM, 85, 11, 251
MM, 86, 4, 21
MM, 0, 16, 30
MM, 27, 30, 30
MM, 29, 3, 40
MM, 494, 592, 30
MM, 2, 26, 41
MM, 4, 24, 30
MM, 5, 22, 30
MM, 6, 19, 30
MM, 8, 17, 30
MM, 8, 16, 11
MM, 9, 14, 29
MM, 10, 13, 20
MM, 11, 12, 20
MM, 13, 10, 31
MM, 14, 10, 30
MM, 14, 9, 10
MC, 1, 422
MM, 15, 9, 141
MM, 19, 9, 20
MM, 25, 10, 20
MM, 525, 571, 20
MM, 5, 14, 30
MM, 12, 15, 30
MM, 17, 15, 30
MM, 18, 15, 21
MM, 19, 15, 60
MM, 20, 15, 81
MC, 1, 441
MM, 21, 15, 243
MM, 28, 15, 20
MM, 0, 14, 20
MM, 22, 12, 40
MM, 34, 12, 30
MM, 3, 12, 30
MM, 7, 12, 20
MM, 13, 12, 41
MM, 18, 12, 30
MM, 24, 12, 20
MM, 28, 12, 20
MM, 644, 572, 20
MM, 647, 572, 20
MM, 3, 12, 21
MM, 6, 12, 19
MM, 10, 12, 20
MM, 19, 12, 30
MM, 21, 12, 10
MM, 25, 12, 21
MM, 30, 12, 20
MM, 34, 12, 20
MM, 687, 572, 21
MM, 2, 12, 19
MM, 7, 12, 30
MM, 9, 12, 20
MM, 12, 12, 20
MM, 14, 12, 20
MM, 17, 12, 21
MM, 19, 12, 20
MM, 20, 12, 20
MM, 21, 12, 60
MC, 1, 402
MM, 19, 12, 212
MM, 9, 12, 20
MM, 683, 572, 20
MM, 21, 12, 20
MM, 12, 12, 20
MM, 1, 13, 30
MM, 645, 573, 20
MM, 30, 13, 21
MM, 26, 13, 30
MM, 25, 13, 10
MM, 23, 13, 20
MM, 21, 13, 30
MM, 20, 13, 10
MM, 19, 13, 20
MM, 18, 13, 51
MC, 1, 492
MM, 17, 14, 272
MM, 9, 19, 19
MM, 601, 591, 20
MM, 578, 604, 21
MM, 19, 16, 20
MM, 33, 28, 30
MM, 520, 630, 20
MM, 22, 2, 31
MM, 18, 3, 19
MM, 17, 5, 20
MM, 15, 6, 30
MM, 13, 6, 21
MM, 11, 8, 20
MM, 6, 10, 20
MM, 2, 11, 20
MM, 486, 645, 20
MM, 482, 645, 20
MM, 28, 11, 30
MM, 23, 11, 20
MM, 19, 11, 20
MM, 15, 11, 21
MM, 12, 11, 20
MM, 11, 11, 10
MM, 9, 11, 20
MM, 6, 11, 20
MM, 5, 11, 10
MM, 0, 11, 20
MM, 445, 647, 21
MM, 31, 14, 30
MM, 28, 14, 20
MM, 25, 14, 20
MM, 24, 14, 10
MM, 22, 14, 20
MM, 21, 14, 20
MM, 20, 14, 31
MC, 1, 511
MM, 19, 14, 253
MM, 18, 14, 10
MM, 14, 14, 20
MM, 12, 14, 10
MM, 5, 12, 20
MM, 407, 644, 20
MM, 29, 7, 20
MM, 22, 5, 20
MM, 14, 3, 20
MM, 9, 0, 21
MM, 374, 633, 19
MM, 369, 631, 31
MM, 368, 631, 10
MM, 364, 629, 20
MM, 363, 628, 20
MM, 22, 30, 20
MM, 20, 28, 20
MM, 17, 26, 20
MM, 16, 25, 20
MM, 15, 23, 20
MM, 14, 22, 10
MM, 14, 21, 21
MC, 1, 461
MM, 14, 19, 333
MM, 28, 16, 20
MM, 16, 10, 20
MM, 4, 6, 30
MM, 15, 5, 30
MM, 5, 5, 20
MM, 577, 602, 30
MM, 15, 5, 20
MM, 613, 602, 20
MM, 17, 5, 32
MM, 33, 5, 29
MM, 1, 5, 20
MM, 7, 5, 20
MM, 10, 5, 21
MM, 13, 5, 20
MM, 15, 6, 20
MM, 16, 6, 30
MM, 17, 7, 40
MM, 17, 8, 40
MM, 18, 9, 10
MM, 19, 9, 30
MM, 19, 10, 31
MC, 1, 472
MM, 19, 11, 262
MM, 14, 15, 20
MM, 1, 24, 20
MM, 639, 632, 19
MM, 36, 17, 32
MM, 17, 29, 20
MM, 568, 674, 20
MM, 153, 10, 19
MM, 142, 15, 21
MM, 132, 19, 30
MM, 129, 20, 10
MM, 124, 21, 30
MM, 123, 22, 19
MM, 121, 23, 20
MM, 120, 23, 11
MM, 118, 23, 30
MM, 117, 23, 10
MM, 116, 23, 20
MM, 114, 23, 30
MM, 112, 23, 21
MM, 110, 23, 20
MM, 108, 23, 21
MM, 106, 23, 19
MM, 103, 23, 20
MM, 100, 25, 20
MM, 95, 25, 21
MM, 93, 27, 20
MM, 91, 28, 19
MM, 89, 29, 10
MM, 88, 30, 31
MM, 87, 30, 10
MM, 86, 30, 20
MM, 85, 30, 20
MM, 485, 702, 10
MP, 1, 432
MR, 1, 140
MC, 1, 0
MM, 85, 30, 624
MM, 92, 23, 20
MM, 114, 7, 20
MM, 568, 651, 30
MM, 20, 8, 21
MM, 619, 632, 30
MM, 636, 629, 31
MM, 642, 629, 19
MM, 647, 628, 20
MM, 652, 628, 20
MM, 1, 30, 30
MM, 7, 28, 31
MM, 12, 27, 20
MM, 17, 24, 20
MM, 23, 23, 20
MM, 25, 22, 20
MM, 26, 22, 10
MM, 27, 22, 20
MM, 27, 21, 90
MM, 27, 20, 51
MM, 27, 19, 10
MM, 26, 18, 20
MM, 26, 16, 31
MM, 25, 16, 9
MM, 24, 16, 40
MC, 1, 482
MC, 1, 875
MM, 24, 15, 463
MM, 690, 606, 20
MM, 20, 29, 30
MM, 735, 569, 31
MM, 754, 554, 30
MM, 766, 544, 20
MM, 805, 522, 70
MM, 812, 519, 20
MM, 818, 516, 30
MM, 822, 516, 30
MM, 825, 516, 31
MM, 827, 516, 20
MM, 829, 516, 20
MM, 831, 516, 30
MM, 833, 516, 20
MM, 836, 517, 40
MM, 838, 520, 20
MM, 798, 562, 1408
MM, 760, 587, 21
MM, 712, 614, 29
MM, 5, 11, 50
MM, 9, 30, 50
MM, 602, 673, 50
MM, 586, 679, 41
MM, 577, 682, 30
MM, 572, 685, 20
MM, 567, 686, 20
MM, 161, 17, 20
MM, 152, 17, 30
MM, 144, 17, 30
MM, 135, 15, 30
MM, 131, 13, 21
MM, 124, 12, 30
MM, 121, 11, 19
MM, 120, 10, 21
MM, 118, 10, 21
MM, 117, 10, 20
MM, 116, 10, 40
MC, 1, 412
MM, 116, 9, 322
MM, 119, 7, 29
MM, 127, 1, 20
MM, 12, 27, 20
MM, 566, 644, 30
MM, 12, 3, 21
MM, 601, 629, 30
MM, 614, 623, 30
MM, 4, 22, 20
MM, 11, 19, 31
MM, 16, 17, 20
MM, 22, 14, 20
MM, 27, 11, 20
MM, 32, 9, 30
MM, 653, 606, 20
MM, 657, 606, 20
MM, 3, 9, 21
MM, 8, 9, 30
MM, 10, 9, 20
MM, 11, 9, 30
MM, 12, 9, 50
MC, 1, 422
MM, 10, 9, 321
MM, 2, 9, 21
MM, 29, 9, 20
MM, 6, 9, 30
MM, 24, 6, 20
MM, 33, 2, 30
MM, 551, 595, 20
MM, 528, 590, 31
MM, 15, 25, 20
MM, 0, 23, 20
MM, 24, 20, 20
MM, 11, 19, 20
MM, 4, 18, 10
MM, 452, 576, 20
MM, 31, 16, 21
MM, 28, 16, 29
MM, 26, 16, 20
MM, 25, 16, 51
MM, 24, 16, 111
MM, 23, 16, 29
MM, 21, 16, 31
MM, 17, 16, 50
MM, 15, 16, 20
MM, 14, 16, 31
MC, 1, 441
MM, 12, 16, 212
MM, 6, 20, 20
MM, 403, 594, 30
MM, 13, 4, 20
MM, 5, 8, 20
MM, 378, 608, 30
MM, 375, 609, 20
MM, 374, 609, 10
MM, 34, 13, 20
MM, 33, 13, 50
MM, 32, 13, 21
MM, 31, 14, 19
MM, 28, 14, 31
MM, 26, 15, 19
MM, 24, 15, 21
MM, 23, 16, 20
MM, 22, 16, 61
MC, 1, 461
MM, 23, 16, 152
MM, 30, 16, 20
MM, 375, 613, 11
MM, 5, 16, 19
MM, 12, 17, 20
MM, 15, 17, 10
MM, 20, 17, 31
MM, 22, 17, 20
MM, 23, 17, 30
MM, 24, 17, 50
MM, 25, 17, 20
MM, 26, 17, 10
MM, 29, 17, 30
MM, 30, 17, 10
MM, 31, 17, 21
MM, 33, 17, 19
MM, 415, 614, 31
MM, 419, 614, 30
MM, 0, 17, 20
MM, 2, 18, 20
MM, 3, 18, 20
MM, 4, 18, 20
MM, 5, 18, 30
MM, 6, 18, 21
MC, 1, 461
MM, 6, 19, 323
MM, 9, 24, 19
MM, 436, 629, 21
MM, 443, 640, 20
MM, 1, 18, 20
MM, 459, 666, 30
MM, 63, 0, 21
MM, 67, 6, 29
MM, 68, 8, 10
MM, 70, 10, 31
MM, 70, 11, 9
MM, 71, 13, 31
MM, 71, 14, 20
MM, 71, 15, 30
MM, 72, 15, 10
MM, 72, 16, 40
MM, 73, 16, 10
MM, 74, 17, 30
MM, 74, 18, 10
MM, 74, 19, 61
MC, 1, 462
MM, 75, 18, 603
MM, 79, 15, 20
MM, 88, 7, 20
MM, 501, 669, 21
MM, 31, 25, 20
MM, 28, 1, 30
MM, 6, 23, 19
MM, 13, 6, 40
MM, 654, 597, 31
MM, 664, 594, 30
MM, 669, 593, 20
MM, 673, 592, 30
MM, 674, 592, 21
MM, 676, 592, 19
MM, 677, 591, 20
MM, 678, 591, 20
MM, 32, 29, 30
MM, 684, 587, 51
MM, 684, 586, 10
MM, 686, 585, 40
MM, 688, 585, 21
MM, 0, 25, 20
MM, 2, 24, 30
MM, 3, 24, 20
MM, 4, 23, 20
MM, 9, 20, 50
MM, 10, 19, 10
MM, 12, 17, 30
MM, 14, 16, 20
MM, 16, 14, 30
MM, 17, 14, 30
MC, 1, 433
MM, 16, 14, 241
MM, 5, 14, 20
MM, 23, 16, 21
MM, 645, 579, 20
MM, 32, 21, 30
MM, 18, 22, 40
MM, 27, 22, 30
MM, 8, 23, 30
MM, 488, 584, 30
MM, 25, 25, 20
MM, 18, 25, 30
MM, 15, 25, 10
MM, 11, 25, 31
MM, 6, 25, 20
MM, 5, 25, 10
MM, 1, 25, 40
MM, 0, 25, 20
MM, 454, 585, 31
MM, 452, 585, 20
MM, 33, 25, 29
MM, 32, 25, 21
MM, 27, 23, 30
MM, 23, 22, 30
MM, 20, 21, 20
MM, 17, 20, 20
MM, 15, 20, 30
MM, 14, 20, 10
MM, 13, 19, 30
MC, 1, 442
MM, 15, 19, 232
MM, 29, 24, 20
MM, 463, 591, 20
MM, 0, 4, 30
MM, 24, 15, 31
MM, 536, 620, 20
MM, 550, 628, 29
MM, 554, 631, 20
MM, 556, 632, 20
MM, 557, 633, 21
MM, 29, 0, 31
MM, 29, 1, 10
MM, 30, 1, 30
MM, 30, 2, 30
MM, 30, 3, 30
MM, 31, 4, 30
MM, 31, 5, 20
MM, 31, 6, 20
MM, 31, 7, 40
MM, 31, 8, 61
MM, 30, 8, 9
MM, 29, 9, 20
MM, 28, 9, 21
MM, 27, 9, 20
MM, 25, 10, 31
MM, 24, 10, 40
MM, 23, 11, 40
MC, 1, 491
MM, 21, 11, 1820
MM, 19, 11, 10
MM, 9, 12, 31
MM, 528, 647, 19
MM, 22, 14, 30
MM, 1, 14, 31
MM, 26, 14, 20
MM, 2, 15, 40
MM, 31, 16, 20
MM, 18, 17, 30
MM, 13, 17, 40
MM, 12, 17, 20
MC, 1, 613
MM, 13, 17, 553
MM, 14, 16, 10
MM, 23, 10, 20
MM, 29, 8, 10
MM, 456, 633, 30
MM, 7, 30, 21
MM, 17, 24, 20
MM, 28, 19, 20
MM, 494, 615, 10
MM, 1, 16, 20
MM, 7, 14, 20
MM, 11, 11, 20
MM, 14, 11, 10
MM, 16, 10, 20
MM, 19, 9, 20
MM, 21, 9, 21
MM, 23, 8, 20
MM, 24, 8, 20
MM, 25, 7, 10
MM, 26, 7, 10
MM, 27, 7, 20
MM, 28, 7, 30
MM, 28, 6, 20
MM, 29, 6, 20
MM, 30, 6, 30
MM, 31, 6, 61
MM, 31, 5, 300
MM, 32, 5, 272
MM, 33, 5, 30
MM, 34, 5, 11
MM, 534, 602, 19
MM, 535, 602, 21
MM, 537, 602, 30
MM, 538, 602, 20
MM, 539, 601, 20
MM, 1, 4, 20
MM, 4, 4, 30
MM, 8, 2, 30
MM, 9, 1, 20
MM, 10, 1, 10
MM, 551, 596, 11
MM, 27, 29, 50
MM, 28, 28, 10
MM, 31, 25, 20
MM, 567, 581, 20
MM, 1, 17, 20
MM, 11, 11, 30
MM, 20, 5, 30
MM, 24, 3, 21
MM, 27, 1, 20
MM, 601, 558, 29
MM, 601, 557, 11
MM, 602, 557, 30
MM, 602, 556, 10
MM, 603, 556, 80
MM, 604, 556, 41
MM, 605, 556, 9
MM, 607, 557, 30
MM, 610, 560, 31
MM, 0, 1, 20
MM, 1, 2, 20
MM, 2, 3, 20
MM, 3, 3, 20
MM, 3, 4, 10
MM, 4, 5, 30
MM, 4, 6, 21
MM, 4, 7, 20
MM, 5, 7, 31
MM, 5, 8, 9
MM, 6, 9, 30
MM, 7, 9, 11
MM, 7, 10, 19
MM, 8, 11, 20
MM, 8, 12, 31
MM, 9, 12, 40
MM, 9, 13, 20
MC, 1, 411
MM, 10, 14, 253
MM, 13, 15, 19
MM, 18, 20, 30
MM, 26, 25, 30
MM, 30, 28, 21
MM, 647, 592, 30
MM, 653, 595, 30
MM, 656, 597, 20
MM, 1, 2, 31
MM, 2, 2, 29
MM, 2, 3, 41
MM, 3, 3, 19
MM, 4, 3, 41
MM, 4, 4, 20
MM, 5, 4, 30
MM, 5, 5, 10
MM, 6, 5, 30
MM, 7, 5, 30
MM, 8, 6, 11
MM, 9, 7, 30
MM, 10, 7, 20
MM, 11, 8, 30
MM, 12, 8, 30
MC, 1, 422
MM, 12, 9, 311
MM, 6, 13, 20
MM, 655, 618, 20
MM, 20, 1, 31
MM, 1, 13, 29
MM, 36, 19, 21
MM, 19, 27, 30
MM, 578, 667, 30
MM, 567, 673, 31
MM, 158, 7, 30
MM, 148, 11, 30
MM, 135, 17, 41
MM, 120, 26, 40
MM, 512, 702, 30
MM, 500, 707, 50
MM, 496, 708, 31
MM, 493, 708, 49
MM, 492, 708, 61
MM, 491, 707, 60
MM, 90, 30, 20
MM, 90, 25, 30
MM, 90, 23, 20
MM, 90, 21, 30
MM, 90, 20, 60
MC, 1, 553
MM, 89, 20, 362
MM, 88, 19, 10
MM, 85, 16, 20
MM, 77, 11, 20
MM, 69, 6, 20
MM, 61, 3, 20
MM, 454, 670, 20
MM, 449, 667, 30
MM, 448, 666, 21
MM, 447, 666, 30
MM, 447, 665, 9
MM, 446, 664, 82
MM, 445, 664, 20
MM, 445, 663, 10
MM, 444, 662, 20
MM, 33, 26, 30
MM, 31, 23, 30
MM, 29, 22, 30
MM, 28, 21, 20
MM, 26, 20, 31
MM, 25, 19, 29
MC, 1, 442
MM, 23, 19, 243
MM, 16, 18, 19
MM, 2, 15, 20
MM, 19, 8, 30
MM, 1, 0, 30
MM, 21, 29, 20
MM, 14, 23, 30
MM, 13, 21, 20
MM, 12, 20, 21
MM, 11, 19, 50
MC, 1, 532
MM, 14, 19, 261
MM, 31, 20, 21
MM, 13, 26, 20
MM, 445, 638, 30
MM, 16, 8, 20
MM, 31, 10, 20
MM, 3, 12, 21
MM, 18, 15, 39
MM, 27, 16, 40
MM, 523, 651, 51
MM, 527, 652, 40
MM, 528, 652, 20
MM, 0, 18, 21
MM, 1, 18, 29
MM, 2, 18, 20
MM, 3, 18, 20
MM, 5, 18, 30
MM, 12, 18, 31
MM, 16, 18, 21
MM, 18, 17, 20
MM, 19, 17, 10
MM, 20, 17, 30
MC, 1, 451
MM, 19, 17, 152
MM, 19, 18, 10
MM, 15, 23, 30
MM, 11, 30, 20
MM, 133, 3, 30
MM, 129, 7, 30
MM, 127, 9, 20
MM, 125, 10, 31
MM, 125, 11, 29
MM, 125, 12, 31
MM, 122, 12, 40
MM, 121, 13, 20
MM, 119, 13, 20
MM, 118, 13, 20
MC, 1, 462
MM, 117, 13, 302
MM, 112, 13, 20
MM, 100, 8, 20
MM, 477, 667, 30
MM, 12, 26, 20
MM, 27, 13, 41
MM, 12, 4, 40
MM, 415, 632, 29
MM, 410, 628, 31
MM, 28, 28, 30
MM, 27, 26, 20
MM, 26, 26, 30
MM, 26, 25, 10
MM, 26, 24, 20
MM, 26, 23, 30
MM, 26, 22, 20
MM, 26, 20, 41
MM, 28, 19, 20
MM, 32, 16, 30
MM, 417, 612, 20
MM, 420, 611, 20
MM, 1, 14, 20
MM, 3, 13, 30
MM, 4, 13, 61
MM, 5, 13, 50
MM, 6, 13, 10
MM, 7, 13, 20
MM, 8, 13, 20
MM, 9, 13, 20
MC, 1, 442
MM, 10, 13, 101
MM, 13, 11, 20
MM, 15, 9, 10
MM, 19, 5, 20
MM, 449, 592, 31
MM, 454, 589, 19
MM, 1, 25, 30
MM, 3, 23, 30
MM, 5, 21, 21
MM, 8, 19, 30
MM, 10, 17, 20
MM, 11, 16, 20
MM, 12, 16, 41
MM, 12, 15, 49
MC, 1, 462
MM, 11, 15, 172
MM, 5, 19, 19
MM, 452, 583, 21
MM, 25, 28, 30
MM, 431, 591, 30
MM, 425, 592, 30
MM, 420, 593, 30
MM, 417, 594, 20
MM, 411, 594, 31
MM, 408, 595, 20
MM, 402, 595, 30
MM, 397, 595, 30
MM, 392, 596, 30
MM, 8, 0, 20
MM, 3, 2, 30
MM, 378, 602, 30
MM, 34, 7, 30
MM, 32, 9, 31
MM, 29, 10, 40
MM, 26, 12, 30
MM, 25, 13, 30
MM, 24, 13, 10
MC, 1, 462
MM, 24, 12, 192
MM, 1, 29, 60
MM, 7, 20, 40
MM, 11, 17, 30
MM, 13, 14, 20
MM, 16, 13, 20
MM, 17, 11, 30
MM, 18, 11, 10
MM, 19, 10, 40
MM, 20, 10, 20
MC, 1, 442
MM, 21, 10, 212
MM, 33, 21, 30
MM, 9, 17, 30
MM, 0, 7, 30
MM, 14, 25, 30
MM, 469, 667, 31
MM, 73, 1, 40
MM, 73, 2, 20
MM, 75, 3, 20
MM, 75, 4, 70
MM, 75, 5, 201
MM, 76, 6, 21
MM, 76, 7, 10
MM, 76, 8, 30
MM, 76, 9, 30
MC, 1, 451
MM, 73, 9, 192
MM, 68, 7, 10
MM, 54, 2, 20
MM, 444, 666, 20
MM, 29, 29, 10
MM, 18, 22, 20
MM, 6, 16, 20
MM, 0, 12, 10
MM, 31, 7, 21
MM, 23, 3, 20
MM, 386, 633, 20
MM, 378, 628, 20
MM, 33, 27, 20
MM, 24, 22, 40
MM, 21, 20, 20
MM, 18, 18, 20
MM, 16, 17, 20
MM, 15, 17, 41
MC, 1, 451
MM, 18, 17, 132
MM, 9, 9, 49
MM, 69, 0, 51
MM, 77, 5, 20
MM, 79, 6, 10
MM, 81, 7, 20
MM, 82, 8, 30
MM, 83, 8, 41
MC, 1, 521
MM, 85, 8, 121
MM, 88, 8, 10
MM, 96, 7, 20
MM, 110, 3, 20
MM, 535, 667, 31
MM, 19, 28, 20
MM, 0, 20, 30
MM, 23, 10, 30
MM, 613, 633, 30
MM, 7, 29, 20
MM, 23, 21, 30
MM, 29, 18, 20
MM, 654, 611, 21
MM, 2, 12, 20
MM, 10, 9, 30
MM, 15, 6, 30
MM, 17, 5, 10
MM, 19, 5, 20
MM, 21, 5, 30
MM, 22, 5, 20
MM, 23, 5, 71
MM, 23, 6, 150
MM, 22, 7, 10
MM, 21, 8, 20
MM, 21, 9, 11
MM, 19, 11, 30
MM, 18, 11, 20
MM, 18, 12, 20
MC, 1, 442
MM, 17, 12, 302
MM, 14, 12, 20
MM, 10, 12, 20
MM, 2, 7, 30
MM, 657, 602, 10
MM, 650, 596, 30
MM, 647, 593, 30
MM, 645, 592, 20
MM, 644, 591, 11
MM, 643, 590, 40
MM, 642, 590, 90
MM, 642, 589, 20
MM, 29, 28, 30
MM, 26, 27, 43
MM, 24, 26, 27
MM, 22, 25, 31
MM, 22, 24, 10
MM, 19, 22, 30
MM, 17, 19, 20
MM, 16, 18, 20
MM, 14, 17, 20
MM, 14, 16, 10
MC, 1, 432
MM, 13, 17, 181
MM, 5, 27, 20
MM, 19, 4, 30
MM, 7, 14, 31
MM, 2, 18, 20
MM, 579, 618, 20
MM, 33, 25, 30
MM, 568, 628, 30
MM, 565, 632, 30
MM, 563, 633, 21
MM, 32, 3, 29
MM, 31, 4, 21
MM, 28, 5, 30
MM, 27, 6, 19
MM, 25, 7, 20
MM, 24, 8, 20
MM, 21, 9, 30
MM, 19, 10, 21
MM, 17, 11, 20
MM, 15, 12, 30
MM, 14, 12, 10
MM, 13, 13, 21
MC, 1, 431
MM, 12, 13, 182
MM, 7, 11, 20
MM, 28, 3, 30
MM, 27, 26, 30
MM, 460, 606, 30
MM, 441, 594, 30
MM, 15, 26, 31
MM, 10, 22, 19
MM, 6, 17, 21
MM, 4, 15, 19
MM, 2, 14, 31
MM, 2, 13, 10
MC, 1, 512
MM, 4, 14, 211
MM, 433, 595, 19
MM, 2, 1, 21
MM, 462, 667, 30
MM, 64, 6, 30
MM, 65, 10, 31
MM, 65, 11, 20
MM, 65, 12, 60
MC, 1, 622
MM, 67, 11, 292
MM, 70, 6, 20
MM, 28, 25, 20
MM, 29, 28, 40
MM, 498, 607, 30
MM, 2, 2, 40
MM, 2, 0, 10
MM, 502, 595, 41
MM, 502, 594, 30
MM, 503, 593, 20
MM, 503, 591, 20
MM, 9, 28, 30
MM, 10, 25, 30
MM, 10, 23, 31
MM, 10, 20, 20
MM, 10, 16, 40
MM, 10, 14, 30
MM, 11, 13, 30
MM, 11, 12, 20
MM, 12, 12, 20
MC, 1, 432
MM, 13, 12, 131
MM, 18, 14, 20
MM, 24, 18, 21
MM, 525, 582, 20
MM, 2, 28, 20
MM, 544, 596, 30
MM, 9, 2, 20
MM, 13, 5, 30
MM, 14, 5, 20
MM, 15, 6, 20
MC, 1, 582
MM, 15, 8, 192
MM, 8, 11, 20
MM, 32, 18, 20
MM, 0, 26, 30
MM, 6, 27, 30
MM, 23, 27, 31
MM, 10, 26, 19
MM, 2, 25, 20
MM, 418, 621, 20
MM, 33, 24, 20
MM, 28, 23, 31
MM, 25, 23, 20
MM, 20, 23, 30
MM, 17, 23, 30
MM, 12, 23, 20
MM, 8, 23, 31
MM, 4, 22, 20
MM, 1, 22, 20
MM, 377, 617, 30
MM, 34, 18, 30
MM, 31, 16, 30
MM, 26, 13, 31
MM, 22, 11, 30
MM, 19, 10, 20
MM, 18, 9, 20
MM, 17, 9, 30
MC, 1, 451
MM, 19, 8, 303
MM, 29, 7, 30
MM, 13, 2, 40
MM, 415, 597, 40
MM, 427, 596, 31
MM, 459, 594, 69
MM, 473, 594, 40
MM, 482, 593, 31
MM, 491, 590, 41
MM, 3, 29, 29
MM, 5, 28, 20
MM, 6, 28, 20
MM, 7, 28, 50
MM, 8, 27, 101
MM, 8, 26, 20
MM, 8, 23, 30
MM, 8, 21, 21
MM, 9, 19, 40
MC, 1, 501
MM, 9, 20, 192
MM, 9, 26, 20
MM, 503, 592, 20
MM, 4, 5, 30
MM, 4, 20, 40
MM, 4, 29, 30
MM, 503, 628, 10
MM, 503, 632, 30
MM, 13, 3, 30
MM, 13, 9, 30
MM, 12, 12, 20
MM, 11, 19, 40
MM, 10, 22, 21
MM, 9, 27, 30
MM, 8, 29, 20
MM, 8, 30, 20
MM, 496, 665, 50
MM, 496, 666, 142
MM, 496, 667, 10
MM, 95, 0, 40
MM, 94, 2, 20
MM, 94, 4, 40
MM, 93, 5, 20
MM, 93, 6, 40
MM, 93, 7, 50
MC, 1, 442
MM, 95, 6, 291
MM, 502, 669, 20
MM, 527, 641, 41
MM, 8, 20, 30
MM, 25, 5, 30
MM, 581, 592, 31
MM, 21, 26, 20
MM, 34, 20, 30
MM, 0, 17, 30
MM, 2, 16, 10
MM, 6, 14, 40
MM, 8, 13, 41
MM, 9, 13, 30
MM, 10, 13, 20
MM, 11, 12, 30
MM, 12, 12, 20
MM, 14, 11, 40
MM, 16, 10, 20
MM, 18, 10, 30
MC, 1, 453
MM, 16, 11, 250
MM, 607, 578, 30
MM, 2, 25, 30
MM, 533, 592, 30
MM, 493, 596, 41
MM, 13, 0, 30
MM, 2, 2, 40
MM, 0, 2, 10
MM, 456, 599, 20
MM, 29, 3, 30
MM, 21, 6, 41
MM, 17, 8, 20
MM, 11, 12, 30
MM, 6, 15, 30
MM, 418, 616, 51
MM, 416, 616, 20
MM, 34, 20, 10
MM, 30, 20, 40
MM, 29, 20, 30
MM, 28, 20, 90
MM, 28, 19, 31
MM, 26, 17, 30
MM, 22, 13, 40
MM, 18, 12, 30
MM, 17, 11, 20
MC, 1, 442
MM, 17, 12, 221
MM, 25, 19, 30
MM, 33, 25, 20
MM, 18, 1, 30
MM, 28, 11, 31
MM, 444, 651, 30
MM, 2, 23, 40
MM, 5, 27, 30
MM, 9, 30, 30
MM, 461, 667, 20
MM, 463, 670, 30
MM, 66, 1, 30
MM, 66, 2, 31
MM, 67, 2, 10
MM, 68, 4, 40
MM, 69, 6, 30
MM, 69, 7, 20
MM, 70, 8, 50
MM, 71, 9, 41
MM, 71, 10, 70
MM, 72, 11, 19
MM, 72, 13, 20
MM, 73, 14, 31
MM, 73, 15, 30
MC, 1, 422
MM, 74, 15, 311
MM, 74, 13, 10
MM, 485, 656, 41
MM, 2, 5, 20
MM, 493, 630, 20
MM, 495, 625, 20
MM, 497, 620, 31
MM, 498, 616, 30
MM, 498, 611, 30
MM, 0, 6, 30
MM, 1, 0, 30
MM, 501, 592, 30
MM, 7, 30, 30
MM, 8, 29, 40
MM, 8, 28, 20
MM, 8, 26, 20
MM, 9, 24, 20
MM, 9, 21, 30
MM, 10, 18, 31
MM, 11, 14, 30
MM, 11, 12, 30
MM, 11, 11, 10
MM, 12, 11, 20
MC, 1, 452
MM, 13, 11, 141
MM, 20, 17, 30
MM, 28, 25, 20
MM, 530, 595, 31
MM, 535, 600, 40
MM, 536, 601, 10
MM, 537, 602, 50
MM, 538, 602, 40
MM, 539, 603, 30
MM, 0, 6, 10
MM, 1, 6, 30
MM, 3, 6, 41
MM, 5, 6, 30
MM, 6, 6, 20
MM, 8, 6, 20
MM, 10, 7, 40
MM, 11, 7, 20
MM, 12, 8, 10
MM, 13, 8, 21
MM, 13, 9, 50
MM, 14, 9, 9
MC, 1, 453
MM, 15, 9, 191
MM, 19, 9, 30
MM, 27, 4, 30
MM, 575, 597, 30
MM, 581, 594, 30
MM, 585, 593, 21
MM, 589, 591, 30
MM, 23, 30, 30
MM, 25, 28, 30
MM, 26, 28, 10
MM, 29, 27, 40
MM, 31, 25, 30
MM, 605, 583, 31
MM, 0, 21, 40
MM, 6, 19, 29
MM, 8, 19, 21
MM, 9, 19, 30
MC, 1, 471
MM, 7, 19, 293
MM, 1, 21, 20
MM, 31, 22, 19
MM, 3, 22, 31
MM, 20, 22, 19
MM, 525, 584, 30
MM, 14, 24, 20
MM, 491, 586, 31
MM, 28, 27, 20
MM, 16, 28, 30
MM, 11, 29, 20
MM, 4, 30, 30
MM, 0, 30, 31
MM, 455, 590, 10
MM, 454, 590, 20
MM, 453, 590, 41
MM, 453, 589, 69
MM, 453, 588, 20
MM, 453, 587, 21
MM, 453, 585, 19
MM, 453, 584, 31
MM, 454, 583, 20
MM, 455, 581, 20
MM, 0, 20, 20
MM, 3, 18, 30
MM, 7, 15, 30
MM, 10, 13, 20
MM, 12, 12, 20
MM, 15, 10, 40
MC, 1, 452
MM, 16, 10, 171
MM, 19, 10, 21
MM, 25, 10, 19
MM, 29, 10, 20
MM, 490, 570, 30
MM, 491, 570, 21
MM, 493, 571, 30
MM, 0, 11, 10
MM, 2, 11, 30
MM, 4, 11, 20
MM, 6, 12, 21
MM, 9, 12, 50
MM, 10, 12, 20
MM, 11, 12, 51
MC, 1, 471
MM, 12, 12, 181
MM, 14, 12, 20
MM, 17, 12, 20
MM, 25, 12, 30
MM, 30, 13, 20
MM, 530, 573, 20
MM, 4, 14, 31
MM, 7, 15, 20
MM, 9, 15, 30
MM, 11, 15, 30
MM, 12, 15, 30
MM, 14, 15, 20
MM, 15, 15, 20
MM, 17, 15, 20
MM, 18, 15, 11
MM, 21, 15, 39
MM, 23, 15, 20
MC, 1, 423
MM, 23, 16, 201
MM, 23, 21, 20
MM, 554, 592, 20
MM, 13, 11, 20
MM, 549, 629, 30
MM, 17, 5, 20
MM, 14, 17, 30
MM, 11, 27, 30
MM, 539, 666, 20
MM, 537, 669, 20
MM, 137, 0, 21
MM, 137, 2, 30
MM, 135, 4, 30
MM, 135, 5, 20
MM, 134, 7, 20
MM, 134, 8, 61
MM, 133, 8, 30
MM, 133, 9, 19
MM, 133, 10, 20
MM, 132, 11, 20
MM, 131, 12, 20
MM, 130, 13, 21
MM, 128, 15, 30
MM, 126, 17, 20
MM, 124, 18, 30
MM, 123, 19, 31
MM, 122, 19, 9
MM, 121, 19, 30
MC, 1, 432
MM, 120, 19, 313
MM, 118, 11, 19
MM, 20, 20, 30
MM, 15, 9, 20
MM, 14, 5, 11
MM, 11, 2, 20
MM, 498, 633, 30
MM, 496, 632, 19
MM, 495, 631, 20
MM, 493, 629, 20
MM, 29, 30, 31
MM, 26, 27, 30
MM, 26, 26, 10
MM, 24, 25, 20
MM, 23, 24, 10
MM, 21, 23, 41
MM, 19, 22, 19
MM, 18, 20, 21
MM, 17, 19, 20
MM, 16, 19, 10
MM, 16, 18, 10
MM, 15, 18, 20
MM, 15, 17, 30
MM, 14, 17, 30
MC, 1, 412
MM, 15, 16, 221
MM, 22, 14, 21
MM, 495, 608, 20
MM, 10, 7, 20
MM, 24, 4, 20
MM, 33, 3, 19
MM, 7, 0, 30
MM, 561, 596, 40
MM, 570, 595, 31
MM, 576, 594, 30
MM, 580, 593, 21
MM, 585, 592, 19
MM, 587, 591, 20
MM, 22, 30, 30
MM, 25, 29, 20
MM, 27, 28, 20
MM, 30, 26, 31
MM, 34, 23, 19
MM, 609, 579, 21
MM, 4, 13, 30
MM, 7, 11, 20
MM, 9, 10, 20
MM, 11, 10, 21
MM, 12, 9, 20
MM, 13, 8, 30
MC, 1, 491
MM, 13, 9, 191
MM, 10, 12, 21
MM, 3, 19, 20
MM, 33, 26, 20
MM, 580, 600, 30
MM, 13, 18, 30
MM, 525, 634, 40
MM, 25, 6, 20
MM, 7, 14, 41
MM, 487, 651, 30
MM, 31, 20, 30
MM, 28, 21, 21
MM, 27, 21, 20
MM, 26, 21, 60
MM, 25, 21, 20
MM, 24, 21, 30
MM, 23, 21, 20
MM, 20, 21, 40
MM, 19, 21, 20
MM, 18, 21, 30
MM, 17, 21, 40
MC, 1, 472
MM, 16, 21, 262
MM, 13, 17, 20
MM, 7, 11, 20
MM, 447, 638, 20
MM, 434, 629, 30
MM, 0, 17, 40
MM, 34, 6, 40
MM, 31, 0, 31
MM, 410, 596, 20
MM, 410, 595, 22
MM, 410, 594, 29
MM, 410, 593, 19
MM, 410, 591, 51
MM, 410, 590, 19
MM, 411, 588, 31
MM, 414, 586, 30
MM, 1, 25, 30
MM, 2, 23, 20
MM, 3, 22, 20
MM, 5, 20, 40
MM, 7, 18, 30
MM, 8, 17, 20
MM, 10, 15, 30
MM, 12, 15, 20
MM, 13, 14, 30
MC, 1, 442
MM, 14, 14, 242
MM, 24, 28, 31
MM, 34, 17, 29
MM, 24, 16, 41
MM, 480, 665, 30
MM, 83, 1, 30
MM, 85, 6, 30
MM, 87, 11, 31
MM, 88, 14, 29
MM, 89, 16, 10
MM, 90, 17, 30
MM, 90, 18, 20
MM, 90, 19, 111
MC, 1, 531
MM, 91, 19, 262
MM, 93, 19, 21
MM, 102, 15, 30
MM, 112, 12, 20
MM, 123, 8, 20
MM, 141, 1, 30
MM, 554, 668, 20
MM, 568, 661, 41
MM, 4, 26, 20
MM, 8, 25, 30
MM, 9, 24, 10
MM, 11, 24, 30
MM, 12, 24, 10
MM, 14, 23, 30
MM, 15, 23, 30
MM, 16, 23, 161
MM, 17, 22, 30
MM, 18, 21, 20
MM, 20, 19, 30
MM, 20, 18, 30
MM, 21, 18, 20
MC, 1, 432
MM, 22, 17, 302
MM, 27, 7, 30
MM, 23, 23, 20
MM, 616, 593, 30
MM, 10, 22, 30
MM, 13, 17, 20
MM, 13, 16, 21
MM, 14, 14, 29
MM, 15, 14, 40
MM, 16, 11, 21
MM, 18, 7, 20
MM, 21, 0, 30
MM, 633, 558, 21
MM, 634, 557, 29
MM, 634, 558, 181
MM, 23, 1, 20
MM, 23, 4, 30
MM, 23, 8, 30
MM, 23, 10, 30
MM, 23, 11, 21
MM, 23, 12, 80
MC, 1, 422
MM, 23, 13, 201
MM, 28, 17, 20
MM, 653, 591, 30
MM, 6, 4, 31
MM, 10, 8, 29
MM, 11, 9, 20
MM, 12, 10, 10
MM, 12, 11, 30
MM, 13, 11, 31
MM, 14, 12, 81
MM, 15, 12, 40
MM, 16, 12, 10
MM, 17, 13, 40
MC, 1, 462
MM, 16, 13, 431
MM, 9, 14, 21
MM, 32, 15, 30
MM, 11, 15, 30
MM, 20, 15, 30
MM, 578, 612, 30
MM, 20, 14, 30
MM, 3, 11, 30
MM, 31, 8, 31
MM, 24, 7, 30
MM, 20, 7, 19
MM, 8, 5, 31
MM, 496, 600, 40
MM, 29, 2, 20
MM, 480, 596, 30
MM, 472, 594, 31
MM, 6, 30, 29
MM, 455, 587, 31
MM, 451, 585, 30
MM, 34, 25, 21
MM, 34, 24, 20
MM, 33, 23, 30
MM, 32, 23, 60
MM, 31, 22, 20
MM, 29, 21, 20
MM, 27, 20, 30
MM, 26, 19, 20
MM, 24, 19, 30
MM, 23, 18, 11
MM, 22, 18, 30
MC, 1, 480
MM, 21, 18, 233
MM, 19, 19, 19
MM, 16, 22, 20
MM, 10, 27, 31
MM, 419, 592, 30
MM, 414, 596, 31
MM, 31, 2, 20
MM, 29, 4, 30
MM, 27, 5, 30
MM, 27, 7, 20
MM, 26, 7, 30
MM, 26, 8, 10
MM, 24, 9, 40
MM, 24, 10, 20
MM, 22, 11, 30
MM, 21, 12, 20
MM, 19, 13, 30
MM, 18, 13, 51
MC, 1, 442
MM, 19, 14, 894
MM, 21, 15, 20
MM, 27, 19, 30
MM, 33, 26, 30
MM, 416, 625, 10
MM, 422, 631, 20
MM, 20, 2, 20
MM, 29, 10, 30
MM, 33, 13, 11
MM, 0, 18, 20
MM, 7, 26, 30
MM, 11, 30, 20
MM, 464, 668, 20
MM, 67, 1, 20
MM, 70, 5, 21
MM, 72, 7, 19
MM, 74, 9, 20
MM, 76, 11, 20
MM, 78, 13, 21
MM, 79, 14, 10
MM, 79, 15, 20
MM, 81, 16, 19
MM, 81, 17, 20
MM, 82, 18, 31
MM, 83, 19, 30
MM, 84, 21, 20
MM, 84, 22, 20
MM, 85, 23, 10
MM, 85, 24, 20
MM, 85, 25, 30
MM, 86, 25, 11
MC, 1, 431
MM, 87, 25, 342
MM, 90, 23, 20
MM, 94, 19, 21
MM, 104, 8, 19
MM, 515, 669, 20
MM, 1, 25, 20
MM, 16, 14, 20
MM, 32, 6, 21
MM, 576, 631, 20
MM, 10, 28, 20
MM, 25, 24, 20
MM, 616, 617, 20
MM, 10, 18, 41
MM, 14, 17, 20
MM, 18, 16, 30
MM, 23, 16, 30
MM, 27, 15, 30
MM, 30, 15, 21
MM, 654, 611, 29
MM, 657, 611, 20
MM, 1, 14, 20
MM, 4, 14, 20
MM, 6, 14, 21
MM, 9, 14, 30
MM, 11, 14, 20
MM, 13, 14, 30
MM, 15, 14, 30
MM, 16, 14, 30
MC, 1, 462
MM, 16, 13, 221
MM, 16, 6, 30
MM, 13, 1, 20
MM, 670, 592, 31
MM, 21, 30, 30
MM, 21, 29, 20
MM, 21, 27, 40
MM, 20, 25, 20
MM, 20, 24, 30
MM, 20, 23, 61
MM, 20, 22, 190
MM, 19, 21, 61
MC, 1, 471
MM, 17, 21, 243
MM, 13, 23, 19
MM, 6, 28, 21
MM, 647, 593, 19
MM, 16, 7, 30
MM, 0, 16, 41
MM, 614, 616, 20
MM, 23, 24, 30
MM, 17, 28, 20
MM, 587, 631, 40
MM, 13, 0, 20
MM, 5, 6, 30
MM, 569, 646, 30
MM, 566, 649, 31
MM, 565, 649, 10
MM, 564, 650, 30
MM, 34, 16, 50
MM, 33, 16, 31
MM, 31, 16, 20
MM, 30, 16, 19
MM, 27, 16, 31
MM, 25, 16, 19
MM, 21, 16, 30
MM, 20, 16, 20
MM, 19, 16, 31
MC, 1, 461
MM, 19, 15, 543
MM, 17, 13, 21
MM, 16, 11, 20
MM, 13, 8, 30
MM, 12, 6, 20
MM, 10, 4, 29
MM, 9, 3, 21
MM, 8, 1, 20
MM, 535, 633, 30
MM, 534, 632, 20
MM, 534, 631, 30
MM, 534, 630, 20
MM, 533, 630, 20
MM, 532, 630, 60
MM, 532, 629, 12
MM, 531, 629, 70
MM, 531, 628, 19
MM, 530, 628, 61
MM, 529, 628, 60
MM, 29, 30, 20
MM, 28, 30, 31
MM, 28, 29, 20
MM, 27, 29, 30
MM, 26, 29, 141
MM, 25, 28, 19
MM, 24, 28, 31
MM, 23, 27, 20
MM, 22, 25, 20
MM, 21, 24, 20
MM, 20, 22, 20
MM, 18, 18, 30
MM, 18, 16, 20
MM, 18, 15, 10
MM, 17, 14, 30
MM, 17, 13, 20
MC, 1, 462
MM, 21, 13, 181
MM, 27, 15, 10
MM, 14, 23, 30
MM, 30, 29, 20
MM, 22, 0, 30
MM, 37, 3, 31
MM, 0, 4, 19
MM, 14, 6, 30
MM, 23, 7, 31
MM, 27, 8, 20
MM, 648, 642, 30
MM, 651, 642, 30
MM, 1, 9, 20
MM, 2, 9, 10
MM, 4, 9, 20
MM, 6, 9, 41
MM, 7, 9, 30
MM, 8, 10, 10
MM, 9, 10, 20
MM, 10, 10, 30
MM, 11, 10, 71
MM, 12, 10, 49
MC, 1, 412
MM, 13, 10, 282
MM, 17, 9, 20
MM, 21, 8, 20
MM, 692, 634, 50
MM, 704, 629, 30
MM, 713, 626, 20
MM, 728, 623, 31
MM, 736, 621, 20
MM, 758, 618, 50
MM, 764, 617, 20
MM, 770, 617, 30
MM, 3, 5, 20
MM, 7, 5, 31
MM, 10, 5, 39
MM, 12, 5, 20
MM, 14, 5, 30
MM, 16, 5, 11
MM, 19, 6, 30
MM, 21, 6, 30
MM, 22, 6, 20
MM, 22, 7, 10
MM, 24, 7, 40
MM, 25, 7, 20
MM, 26, 8, 20
MM, 27, 8, 21
MM, 27, 9, 20
MM, 29, 10, 30
MM, 30, 11, 20
MM, 31, 11, 60
MM, 31, 12, 10
MM, 31, 13, 81
MM, 31, 14, 30
MM, 32, 15, 30
MM, 32, 16, 40
MM, 32, 17, 51
