********************************************************************************
LOGGING TIME: 20171031_223723
CLIENT IP: 10.145.130.117
USERNAME: hp pc
OS: Windows 10
**********************************Emotional database********************************************************************************
MM, 777, 652, 1507533521331
MM, 777, 651, 484
MM, 777, 650, 32
MM, 5, 35, 8
MM, 3, 32, 16
MM, 2, 30, 16
MM, 768, 637, 16
MM, 762, 633, 16
MM, 757, 629, 16
MM, 752, 625, 17
MM, 745, 618, 15
MM, 718, 601, 26
MM, 1, 24, 14
MM, 4, 1, 16
MM, 28, 8, 24
MM, 316, 77, 32
MM, 286, 46, 24
MM, 268, 27, 16
MM, 248, 11, 16
MM, 476, 410, 16
MM, 458, 398, 16
MM, 447, 390, 17
MM, 432, 378, 15
MM, 425, 371, 16
MM, 164, 73, 24
MM, 152, 58, 16
MM, 145, 46, 16
MM, 138, 33, 16
MM, 131, 20, 8
MM, 123, 3, 17
MM, 369, 280, 7
MM, 364, 266, 16
MM, 354, 246, 16
MM, 335, 175, 96
MM, 333, 166, 8
MM, 331, 160, 8
MM, 328, 154, 8
MM, 323, 141, 16
MM, 321, 136, 8
MM, 320, 135, 8
MM, 319, 133, 16
MM, 318, 132, 32
MM, 317, 129, 8
MM, 317, 127, 8
MM, 314, 123, 16
MM, 308, 114, 40
MM, 286, 114, 848
MM, 293, 126, 16
MM, 300, 138, 16
MM, 307, 151, 15
MM, 315, 167, 16
MM, 345, 250, 104
MM, 347, 254, 9
MM, 351, 264, 15
MM, 353, 272, 17
MM, 356, 281, 16
MM, 358, 285, 8
MM, 107, 5, 16
MM, 109, 11, 16
MM, 110, 14, 8
MM, 111, 17, 16
MM, 111, 18, 24
MM, 111, 20, 24
MM, 111, 22, 8
MM, 111, 29, 16
MM, 111, 33, 16
MM, 111, 37, 16
MM, 111, 41, 16
MM, 111, 44, 16
MM, 111, 45, 8
MM, 111, 46, 8
MM, 113, 46, 840
MM, 116, 46, 10344
MM, 130, 46, 8
MM, 228, 42, 16
MM, 375, 34, 16
MM, 490, 26, 16
MM, 587, 26, 16
MM, 926, 313, 16
MM, 929, 508, 40153
MM, 898, 508, 15
MM, 874, 508, 16
MM, 867, 507, 16
MM, 864, 507, 24
MM, 861, 505, 16
MM, 598, 87, 24
MM, 580, 82, 16
MM, 532, 73, 24
MM, 511, 68, 16
MM, 495, 63, 16
MM, 492, 62, 16
MM, 491, 62, 24
MM, 489, 62, 24
MM, 487, 62, 16
MM, 480, 60, 16
MM, 471, 58, 16
MM, 467, 57, 16
MM, 466, 57, 8
MM, 465, 57, 17
MM, 462, 57, 23
MM, 451, 56, 24
MM, 436, 55, 16
MM, 420, 52, 18
MM, 410, 49, 22
MM, 409, 49, 8
MM, 408, 49, 16
MM, 408, 48, 48
MM, 407, 48, 16
MC, 1, 168
MM, 406, 48, 48
MM, 404, 48, 48
MM, 401, 48, 8
MM, 385, 55, 24
MM, 372, 61, 16
MM, 351, 72, 16
MM, 325, 83, 16
MM, 532, 518, 24
MM, 493, 536, 16
MM, 438, 556, 16
MM, 12, 12, 24
MM, 368, 576, 16
MM, 28, 18, 24
MM, 27, 18, 25
MM, 24, 20, 15
MM, 21, 21, 16
MM, 18, 22, 16
MM, 18, 21, 88
MM, 19, 19, 8
MM, 20, 16, 9
MM, 21, 13, 23
MM, 24, 10, 16
MM, 30, 5, 16
MM, 33, 3, 8
MM, 367, 562, 16
MM, 369, 562, 8
MM, 370, 562, 16
MM, 370, 561, 16
MM, 371, 561, 16
MM, 1, 1, 16
MM, 3, 0, 16
MM, 22, 0, 24
MM, 29, 0, 8
MM, 413, 560, 16
MM, 6, 0, 16
MM, 425, 559, 16
MM, 426, 559, 8
MM, 426, 558, 56
MM, 426, 557, 10
MM, 427, 555, 14
MM, 427, 554, 16
MM, 428, 554, 8
MM, 14, 30, 112
MM, 14, 26, 8
MM, 16, 20, 16
MM, 16, 19, 8
MM, 18, 19, 312
MM, 20, 19, 7
MM, 26, 19, 17
MM, 30, 19, 8
MM, 4, 19, 15
MM, 25, 18, 17
MM, 4, 17, 16
MM, 28, 16, 16
MM, 3, 16, 16
MM, 10, 16, 16
MM, 11, 16, 40
MM, 10, 16, 176
MM, 8, 16, 8
MM, 5, 16, 16
MM, 1, 16, 16
MM, 537, 539, 8
MM, 534, 539, 16
MM, 533, 539, 8
MM, 532, 539, 24
MM, 34, 16, 32
MM, 33, 16, 8
MM, 30, 16, 40
MM, 29, 16, 16
MM, 28, 16, 16
MM, 27, 16, 24
MM, 26, 16, 16
MM, 25, 16, 8
MM, 23, 15, 16
MM, 22, 15, 16
MM, 21, 15, 8
MM, 20, 15, 104
MM, 22, 15, 224
MM, 25, 16, 8
MM, 34, 21, 15
MM, 545, 554, 16
MM, 28, 3, 17
MM, 4, 13, 16
MM, 17, 21, 16
MM, 24, 24, 16
MM, 28, 27, 16
MM, 29, 27, 16
MM, 31, 29, 8
MM, 608, 594, 31
MM, 615, 599, 16
MM, 3, 7, 16
MM, 4, 8, 8
MM, 6, 10, 10
MM, 6, 11, 86
MM, 6, 13, 8
MM, 6, 15, 8
MM, 7, 16, 16
MM, 7, 18, 9
MM, 7, 20, 8
MM, 10, 24, 15
MM, 12, 27, 8
MM, 633, 628, 16
MM, 633, 629, 8
MM, 634, 629, 8
MM, 635, 630, 41
MM, 636, 630, 8
MM, 638, 630, 7
MM, 642, 632, 16
MM, 645, 633, 8
MM, 0, 3, 16
MM, 2, 4, 8
MM, 4, 6, 8
MM, 5, 6, 16
MM, 6, 7, 56
MM, 7, 7, 16
MM, 8, 8, 9
MM, 10, 9, 7
MM, 11, 10, 16
MM, 12, 11, 9
MM, 13, 11, 39
MM, 12, 11, 225
MM, 12, 10, 8
MM, 11, 9, 16
MM, 10, 9, 8
MM, 647, 633, 16
MM, 6, 24, 16
MM, 613, 616, 16
MM, 21, 15, 16
MM, 16, 14, 8
MM, 3, 11, 16
MM, 578, 607, 8
MM, 28, 8, 16
MM, 23, 6, 16
MM, 22, 6, 8
MM, 20, 6, 8
MM, 17, 4, 16
MM, 14, 3, 8
MM, 8, 0, 16
MM, 543, 594, 16
MM, 3, 29, 16
MM, 527, 584, 8
MM, 18, 17, 16
MM, 6, 13, 16
MM, 2, 12, 8
MM, 491, 572, 16
MM, 491, 571, 8
MM, 490, 571, 24
MM, 489, 571, 16
MM, 31, 11, 16
MM, 488, 571, 136
MM, 489, 571, 8
MM, 490, 571, 16
MM, 492, 572, 16
MM, 493, 572, 8
MM, 1, 13, 8
MM, 3, 14, 8
MM, 5, 15, 8
MM, 5, 16, 16
MM, 6, 16, 8
MM, 7, 16, 55
MM, 8, 16, 8
MM, 9, 16, 72
MM, 9, 17, 57
MC, 1, 120
MM, 10, 17, 72
MM, 17, 20, 16
MM, 527, 588, 16
MM, 533, 593, 8
MM, 3, 0, 16
MM, 9, 3, 16
MM, 16, 7, 24
MM, 19, 9, 16
MM, 20, 9, 8
MM, 21, 9, 16
MM, 20, 10, 272
MM, 16, 8, 40
MM, 8, 6, 24
MM, 33, 4, 16
MM, 15, 4, 16
MM, 27, 4, 23
MM, 16, 4, 25
MM, 13, 4, 24
MM, 11, 4, 15
MM, 7, 3, 17
MM, 2, 3, 16
MM, 24, 3, 24
MM, 13, 3, 16
MM, 9, 2, 16
MM, 8, 1, 16
MM, 8, 0, 81
MM, 429, 595, 16
MM, 17, 26, 23
MM, 21, 15, 24
MM, 22, 14, 8
MM, 22, 13, 16
MM, 23, 18, 288
MM, 17, 3, 16
MM, 444, 629, 24
MM, 4, 24, 24
MM, 60, 1, 25
MM, 63, 3, 23
MM, 65, 5, 24
MM, 66, 6, 32
MM, 68, 9, 16
MM, 71, 12, 16
MM, 73, 14, 16
MM, 73, 13, 104
MM, 72, 13, 10
MM, 73, 12, 190
MM, 75, 10, 16
MM, 78, 8, 16
MM, 92, 4, 24
MM, 99, 2, 8
MM, 518, 666, 16
MM, 8, 26, 24
MM, 10, 26, 16
MM, 10, 25, 32
MM, 12, 24, 18
MM, 15, 22, 14
MM, 16, 20, 16
MM, 17, 19, 16
MM, 17, 18, 32
MM, 18, 17, 16
MM, 20, 16, 16
MC, 1, 168
MM, 19, 15, 23
MM, 15, 14, 24
MM, 13, 13, 8
MM, 11, 13, 8
MM, 0, 10, 16
MM, 18, 7, 17
MM, 20, 6, 15
MM, 4, 6, 8
MM, 20, 4, 16
MM, 11, 4, 16
MM, 9, 4, 16
MM, 9, 3, 9
MM, 8, 3, 8
MM, 6, 2, 16
MM, 4, 2, 8
MM, 2, 2, 8
MM, 404, 633, 16
MM, 398, 631, 16
MM, 394, 629, 24
MM, 392, 628, 16
MM, 10, 30, 8
MM, 4, 26, 24
MM, 3, 26, 24
MM, 2, 25, 56
MM, 0, 24, 8
MM, 378, 621, 8
MM, 376, 620, 16
MM, 375, 619, 24
MM, 374, 619, 79
MM, 34, 22, 8
MM, 33, 22, 16
MM, 32, 22, 8
MC, 1, 185
MM, 33, 22, 72
MM, 378, 619, 16
MM, 13, 22, 15
MM, 420, 621, 25
MM, 27, 26, 23
MM, 6, 28, 16
MM, 13, 28, 24
MM, 538, 627, 17
MM, 555, 630, 16
MM, 560, 630, 16
MM, 560, 631, 87
MM, 561, 631, 97
MM, 563, 633, 8
MM, 3, 4, 24
MM, 10, 8, 16
MM, 15, 10, 16
MM, 16, 11, 8
MM, 17, 11, 8
MM, 17, 12, 96
MM, 18, 12, 8
MM, 19, 12, 16
MM, 20, 12, 24
MC, 1, 136
MM, 19, 12, 16
MM, 12, 10, 32
MM, 5, 6, 16
MM, 564, 637, 16
MM, 554, 632, 16
MM, 542, 629, 16
MM, 535, 627, 16
MM, 32, 29, 8
MM, 12, 24, 24
MM, 497, 617, 16
MM, 3, 11, 32
MM, 30, 7, 16
MM, 23, 5, 24
MM, 21, 4, 16
MM, 13, 0, 24
MM, 5, 30, 16
MM, 32, 22, 24
MM, 32, 21, 48
MM, 33, 21, 80
MM, 34, 21, 8
MM, 36, 19, 15
MM, 410, 579, 9
MM, 410, 578, 23
MM, 411, 578, 16
MM, 413, 578, 17
MM, 0, 18, 8
MM, 3, 18, 23
MM, 4, 18, 8
MM, 6, 18, 16
MM, 8, 18, 16
MM, 10, 19, 16
MM, 11, 19, 8
MM, 12, 19, 25
MM, 12, 20, 65
MM, 15, 22, 183
MM, 438, 592, 17
MM, 24, 8, 15
MM, 30, 21, 16
MM, 455, 628, 16
MM, 13, 4, 24
MM, 18, 14, 16
MM, 25, 29, 24
MM, 476, 669, 8
MM, 80, 6, 24
MM, 81, 8, 16
MM, 82, 12, 16
MM, 84, 17, 16
MM, 86, 21, 16
MM, 86, 22, 8
MC, 1, 400
MM, 87, 20, 72
MM, 88, 20, 8
MM, 94, 17, 16
MM, 106, 9, 16
MM, 122, 0, 16
MM, 530, 667, 8
MM, 25, 15, 24
MM, 33, 10, 16
MM, 564, 643, 16
MM, 1, 5, 24
MM, 10, 1, 16
MM, 595, 628, 16
MM, 28, 25, 16
MM, 3, 20, 24
MM, 8, 18, 16
MM, 12, 15, 24
MM, 14, 14, 8
MM, 19, 9, 16
MM, 23, 3, 16
MM, 26, 0, 16
MM, 645, 596, 16
MM, 646, 593, 24
MM, 0, 29, 16
MM, 3, 24, 16
MM, 3, 22, 16
MM, 3, 21, 32
MM, 3, 20, 16
MM, 2, 20, 24
MM, 1, 20, 16
MM, 1, 19, 8
MM, 0, 19, 16
MM, 1, 19, 120
MM, 2, 19, 40
MC, 1, 111
MM, 27, 19, 32
MM, 18, 24, 40
MM, 546, 593, 25
MM, 21, 4, 24
MM, 12, 5, 24
MM, 11, 5, 40
MM, 10, 5, 17
MM, 9, 5, 7
MM, 8, 5, 24
MM, 7, 5, 16
MM, 3, 5, 16
MM, 497, 602, 16
MM, 29, 6, 16
MM, 27, 6, 8
MM, 26, 7, 24
MM, 25, 7, 16
MM, 23, 7, 16
MM, 18, 9, 16
MM, 16, 10, 16
MM, 15, 10, 32
MM, 15, 12, 296
MM, 17, 15, 8
MM, 17, 30, 16
MM, 30, 9, 16
MM, 476, 666, 23
MM, 475, 668, 8
MM, 475, 669, 24
MM, 475, 670, 136
MM, 76, 0, 81
MM, 76, 3, 8
MM, 78, 7, 336
MM, 75, 6, 16
MM, 69, 4, 16
MM, 451, 668, 16
MM, 22, 26, 16
MM, 8, 19, 24
MM, 7, 19, 8
MM, 6, 19, 16
MM, 4, 18, 16
MM, 1, 15, 16
MM, 403, 644, 16
MM, 27, 6, 16
MM, 22, 3, 16
MM, 18, 2, 16
MM, 16, 1, 16
MM, 15, 0, 24
MM, 383, 633, 16
MM, 379, 631, 24
MM, 378, 631, 16
MM, 376, 629, 32
MM, 34, 28, 16
MM, 32, 26, 8
MM, 32, 25, 80
MM, 31, 24, 64
MM, 30, 22, 16
MM, 30, 21, 8
MM, 30, 20, 24
MC, 1, 152
MM, 32, 21, 40
MM, 5, 22, 16
MM, 22, 20, 32
MM, 13, 20, 32
MM, 577, 618, 32
MM, 612, 618, 32
MM, 1, 21, 24
MM, 9, 21, 24
MM, 13, 21, 16
MM, 13, 20, 48
MM, 14, 20, 16
MM, 14, 19, 16
MM, 15, 19, 56
MM, 17, 18, 16
MM, 31, 16, 23
MM, 655, 611, 16
MM, 656, 611, 16
MM, 2, 14, 33
MM, 9, 14, 16
MM, 16, 14, 24
MM, 17, 14, 104
MC, 1, 144
MC, 2, 192
MM, 16, 14, 64
MM, 14, 13, 16
MM, 10, 13, 16
MM, 657, 611, 24
MM, 26, 19, 16
MM, 8, 29, 23
MM, 615, 633, 25
MM, 27, 9, 32
MM, 569, 655, 23
MM, 541, 666, 32
MM, 532, 670, 24
MM, 128, 1, 32
MM, 121, 4, 56
MM, 116, 7, 33
MM, 108, 13, 32
MM, 107, 14, 16
MC, 1, 208
MM, 107, 8, 56
MM, 22, 27, 24
MM, 21, 16, 32
MM, 28, 30, 32
MM, 28, 28, 24
MM, 26, 27, 40
MM, 25, 25, 24
MM, 20, 22, 32
MM, 17, 20, 24
MM, 16, 20, 25
MM, 16, 19, 40
MC, 1, 175
MM, 18, 20, 80
MM, 525, 590, 25
MM, 532, 596, 31
MM, 537, 598, 24
MM, 2, 5, 24
MM, 10, 10, 24
MM, 13, 12, 32
MM, 13, 13, 64
MM, 14, 13, 40
MC, 1, 168
MM, 12, 12, 48
MM, 5, 8, 40
MM, 535, 600, 24
MM, 510, 592, 24
MM, 7, 22, 32
MM, 2, 21, 17
MM, 0, 20, 31
MM, 455, 580, 24
MM, 451, 578, 32
MM, 31, 16, 33
MM, 30, 16, 15
MM, 29, 15, 25
MC, 1, 231
MM, 29, 16, 96
MM, 448, 596, 24
MM, 30, 12, 16
MM, 455, 628, 24
MM, 12, 10, 32
MM, 17, 22, 24
MM, 19, 27, 16
MM, 471, 670, 24
MM, 73, 4, 24
MM, 74, 4, 24
MM, 74, 5, 56
MM, 75, 7, 8
MM, 76, 8, 128
MM, 76, 10, 16
MM, 77, 12, 8
MM, 79, 16, 16
MM, 80, 20, 16
MC, 1, 256
MM, 78, 18, 87
MM, 73, 15, 8
MM, 61, 7, 17
MM, 445, 666, 15
MM, 24, 22, 16
MM, 20, 19, 16
MM, 19, 19, 8
MM, 18, 18, 32
MM, 16, 17, 17
MM, 13, 16, 23
MM, 11, 14, 8
MM, 10, 14, 24
MM, 10, 13, 16
MC, 1, 233
MM, 11, 12, 88
MM, 19, 8, 16
MM, 26, 6, 8
MM, 454, 632, 16
MM, 21, 29, 16
MM, 3, 25, 8
MM, 12, 13, 32
MM, 29, 8, 16
MM, 3, 3, 16
MM, 17, 0, 16
MM, 603, 596, 24
MM, 605, 596, 24
MM, 606, 595, 8
MM, 616, 592, 24
MM, 10, 29, 8
MM, 21, 24, 16
MM, 27, 22, 16
MM, 29, 21, 16
MM, 30, 20, 72
MM, 643, 579, 8
MM, 643, 578, 8
MM, 644, 577, 16
MM, 645, 575, 8
MM, 647, 574, 7
MM, 0, 14, 57
MM, 1, 14, 48
MM, 2, 14, 15
MM, 3, 14, 48
MM, 4, 14, 33
MM, 5, 14, 15
MM, 6, 14, 8
MM, 7, 15, 16
MM, 9, 15, 16
MM, 10, 16, 16
MM, 11, 16, 88
MC, 1, 120
MM, 6, 17, 33
MM, 646, 580, 15
MM, 28, 22, 16
MM, 16, 26, 16
MM, 616, 592, 16
MM, 613, 594, 8
MM, 26, 1, 17
MM, 20, 3, 15
MM, 15, 7, 16
MM, 6, 10, 16
MM, 575, 613, 16
MM, 12, 27, 41
MM, 8, 29, 15
MM, 546, 628, 16
MM, 545, 630, 24
MM, 545, 631, 17
MM, 543, 633, 16
MM, 14, 1, 16
MM, 14, 2, 16
MM, 13, 3, 16
MM, 13, 4, 56
MM, 13, 5, 16
MM, 13, 6, 16
MM, 13, 7, 24
MM, 13, 8, 48
MM, 13, 9, 96
MC, 1, 96
MM, 13, 8, 64
MM, 12, 5, 16
MM, 539, 625, 23
MM, 537, 611, 17
MM, 534, 599, 16
MM, 534, 596, 24
MM, 533, 596, 24
MM, 533, 595, 16
MM, 531, 592, 16
MM, 529, 589, 17
MM, 528, 589, 7
MM, 527, 589, 24
MM, 526, 589, 32
MM, 525, 588, 18
MM, 30, 28, 6
MM, 28, 27, 24
MM, 27, 26, 16
MM, 26, 25, 8
MM, 25, 25, 16
MM, 24, 25, 119
MM, 23, 25, 8
MM, 23, 24, 8
MM, 22, 24, 16
MM, 22, 23, 8
MC, 1, 185
MM, 23, 23, 56
MM, 29, 23, 24
MM, 8, 22, 24
MM, 6, 17, 40
MM, 19, 14, 32
MM, 605, 574, 40
MM, 607, 574, 16
MM, 608, 573, 8
MM, 609, 573, 32
MM, 0, 12, 56
MM, 1, 12, 8
MM, 2, 12, 24
MM, 3, 12, 24
MM, 7, 11, 32
MM, 9, 11, 16
MM, 11, 11, 40
MM, 13, 11, 16
MM, 14, 11, 16
MC, 1, 127
MM, 13, 11, 97
MM, 8, 15, 24
MM, 21, 10, 320
MM, 19, 10, 56
MC, 1, 176
MM, 18, 10, 72
MM, 14, 6, 24
MM, 529, 628, 24
MM, 12, 18, 16
MM, 17, 1, 24
MM, 474, 595, 16
MM, 473, 595, 40
MM, 471, 595, 32
MM, 469, 594, 16
MM, 468, 594, 48
MM, 465, 591, 16
MM, 4, 29, 32
MM, 4, 28, 8
MM, 452, 584, 56
MM, 26, 18, 32
MM, 25, 18, 8
MM, 23, 17, 64
MM, 20, 16, 24
MM, 19, 16, 32
MM, 19, 15, 64
MC, 1, 152
MM, 21, 17, 87
MM, 29, 25, 24
MM, 452, 592, 25
MM, 1, 8, 32
MM, 12, 20, 24
MM, 21, 29, 24
MM, 488, 631, 24
MM, 490, 632, 23
MM, 8, 1, 32
MM, 15, 3, 24
MM, 18, 3, 33
MM, 19, 3, 8
MM, 21, 3, 33
MM, 24, 3, 23
MM, 27, 2, 36
MM, 30, 1, 20
MM, 32, 1, 24
MM, 34, 1, 24
MM, 523, 635, 24
MM, 526, 635, 24
MM, 3, 3, 24
MM, 10, 6, 32
MM, 11, 6, 32
MM, 12, 7, 16
MM, 13, 8, 24
MM, 14, 8, 16
MC, 1, 288
MM, 7, 6, 32
MM, 2, 2, 40
MM, 523, 630, 24
MM, 11, 15, 24
MM, 4, 8, 16
MM, 498, 598, 32
MM, 496, 597, 16
MM, 496, 596, 16
MM, 496, 595, 72
MM, 2, 30, 24
MM, 2, 25, 31
MM, 2, 22, 17
MM, 2, 21, 40
MM, 5, 19, 23
MM, 8, 18, 25
MM, 13, 15, 23
MM, 17, 14, 25
MM, 18, 14, 55
MM, 19, 14, 33
MC, 1, 103
MM, 18, 14, 57
MM, 14, 14, 24
MM, 10, 14, 16
MM, 29, 19, 32
MM, 11, 23, 24
MM, 455, 588, 32
MM, 451, 590, 24
MM, 446, 593, 16
MM, 444, 595, 16
MM, 20, 0, 24
MM, 11, 5, 24
MM, 1, 9, 24
MM, 416, 608, 23
MM, 415, 608, 33
MM, 34, 11, 16
MM, 33, 11, 32
MM, 31, 11, 16
MC, 1, 328
MM, 33, 11, 87
MM, 415, 610, 8
MM, 8, 22, 40
MM, 440, 632, 24
MM, 6, 14, 40
MM, 14, 24, 33
MM, 16, 29, 24
MM, 74, 4, 32
MM, 79, 13, 24
MM, 80, 14, 8
MM, 80, 15, 112
MM, 81, 15, 8
MC, 1, 224
MM, 79, 14, 80
MM, 77, 11, 15
MM, 73, 6, 32
MM, 71, 4, 17
MM, 467, 670, 40
MM, 8, 28, 31
MM, 0, 19, 25
MM, 33, 13, 31
MM, 29, 7, 33
MM, 431, 629, 32
MM, 5, 25, 32
MM, 2, 18, 32
MM, 419, 608, 24
MM, 417, 606, 24
MM, 416, 605, 24
MM, 415, 604, 24
MM, 415, 603, 48
MM, 34, 6, 8
MM, 34, 4, 48
MM, 415, 598, 16
MM, 416, 595, 24
MM, 416, 594, 48
MM, 417, 592, 24
MM, 3, 28, 24
MM, 3, 27, 64
MM, 6, 25, 16
MM, 8, 24, 16
MM, 14, 18, 32
MM, 19, 12, 32
MM, 19, 11, 16
MM, 20, 11, 72
MC, 1, 160
MM, 21, 11, 87
MM, 30, 15, 25
MM, 453, 580, 15
MM, 474, 591, 32
MM, 8, 8, 32
MM, 29, 17, 25
MM, 9, 28, 32
MM, 555, 628, 32
MM, 559, 633, 32
MM, 31, 0, 9
MM, 32, 4, 79
MM, 33, 7, 24
MM, 32, 7, 88
MM, 27, 7, 24
MM, 21, 8, 23
MM, 17, 8, 25
MM, 16, 8, 48
MC, 1, 208
MM, 14, 7, 80
MM, 5, 3, 24
MM, 516, 632, 24
MM, 500, 628, 16
MM, 24, 26, 24
MM, 12, 23, 24
MM, 34, 17, 24
MM, 16, 11, 24
MM, 13, 10, 16
MM, 12, 10, 48
MM, 10, 9, 16
MC, 1, 248
MM, 8, 9, 192
MM, 417, 611, 24
MM, 29, 16, 32
MC, 1, 472
MM, 31, 18, 120
MM, 416, 618, 16
MM, 429, 629, 23
MM, 444, 641, 24
MM, 3, 14, 25
MM, 9, 20, 23
MM, 475, 669, 32
MM, 82, 4, 24
MM, 83, 6, 33
MM, 84, 6, 64
MM, 87, 9, 16
MM, 89, 11, 16
MM, 90, 12, 24
MM, 90, 13, 48
MC, 1, 296
MM, 90, 12, 103
MM, 89, 5, 26
MM, 485, 658, 31
MM, 485, 645, 24
MM, 484, 634, 24
MM, 19, 27, 32
MM, 15, 12, 32
MM, 14, 8, 32
MM, 13, 6, 24
MM, 12, 4, 32
MM, 12, 2, 23
MM, 472, 591, 41
MM, 16, 30, 48
MM, 15, 28, 23
MM, 14, 28, 56
MM, 13, 27, 16
MM, 12, 27, 16
MM, 11, 27, 32
MM, 11, 26, 17
MM, 5, 24, 64
MM, 30, 20, 32
MM, 22, 18, 64
MM, 17, 16, 49
MM, 410, 569, 47
MM, 36, 8, 8
MM, 35, 8, 40
MM, 34, 7, 56
MC, 1, 392
MM, 409, 568, 104
MM, 0, 11, 24
MM, 13, 14, 32
MM, 32, 16, 32
MM, 12, 16, 24
MM, 4, 16, 31
MM, 525, 576, 24
MM, 10, 16, 25
MM, 11, 16, 17
MM, 12, 16, 55
MM, 17, 16, 24
MM, 22, 17, 24
MM, 27, 19, 16
MM, 31, 20, 31
MM, 564, 581, 17
MM, 568, 582, 16
MM, 10, 20, 64
MM, 26, 15, 32
MM, 29, 13, 24
MM, 30, 13, 120
MM, 31, 13, 9
MM, 32, 13, 23
MM, 605, 572, 24
MM, 6, 9, 32
MM, 7, 9, 16
MC, 1, 329
MM, 6, 9, 191
MM, 4, 9, 24
MM, 0, 9, 32
MM, 31, 9, 40
MM, 26, 9, 24
MM, 19, 9, 40
MM, 11, 9, 16
MM, 27, 9, 40
MM, 18, 9, 24
MM, 17, 9, 72
MM, 14, 9, 24
MM, 13, 9, 8
MM, 12, 9, 32
MM, 10, 9, 24
MM, 6, 9, 32
MM, 0, 9, 16
MM, 27, 10, 31
MM, 18, 11, 32
MM, 17, 11, 9
MC, 1, 344
MM, 17, 12, 72
MM, 22, 14, 24
MM, 529, 583, 32
MM, 539, 592, 32
MM, 541, 593, 8
MM, 543, 595, 32
MM, 545, 595, 24
MM, 9, 3, 32
MM, 12, 5, 16
MM, 17, 11, 32
MM, 20, 14, 24
MC, 1, 216
MM, 19, 15, 128
MM, 13, 25, 16
MM, 546, 630, 24
MM, 8, 10, 24
MM, 525, 660, 32
MM, 519, 670, 32
MM, 115, 6, 23
MM, 114, 7, 8
MM, 113, 7, 401
MM, 509, 668, 16
MM, 13, 6, 24
MM, 498, 622, 24
MM, 498, 621, 8
MM, 498, 619, 40
MM, 498, 617, 16
MM, 497, 610, 47
MM, 496, 603, 33
MM, 496, 601, 24
MM, 498, 595, 40
MM, 10, 21, 40
MM, 10, 20, 111
MM, 12, 15, 16
MM, 13, 15, 89
MC, 1, 200
MM, 15, 15, 56
MM, 21, 18, 24
MM, 28, 23, 32
MM, 528, 587, 23
MM, 533, 593, 25
MM, 1, 5, 40
MM, 3, 6, 8
MM, 3, 7, 16
MM, 4, 7, 112
MC, 1, 208
MM, 3, 7, 112
MM, 0, 7, 23
MM, 32, 6, 24
MM, 1, 1, 41
MM, 481, 595, 24
MM, 6, 30, 32
MM, 455, 589, 16
MM, 32, 26, 32
MM, 29, 25, 40
MM, 29, 24, 32
MM, 29, 23, 48
MM, 29, 20, 16
MM, 29, 13, 32
MM, 29, 12, 8
MM, 29, 11, 64
MC, 1, 216
MM, 29, 13, 64
MM, 31, 19, 16
MM, 32, 4, 32
MM, 459, 627, 23
MM, 17, 19, 41
MM, 471, 669, 32
MM, 79, 21, 40
MM, 80, 23, 15
MC, 1, 313
MM, 79, 23, 56
MM, 66, 13, 32
MM, 55, 5, 16
MM, 26, 30, 32
MM, 11, 22, 40
MM, 8, 19, 16
MM, 3, 17, 24
MM, 2, 16, 24
MM, 2, 15, 24
MM, 408, 648, 24
MM, 405, 643, 40
MM, 399, 629, 32
MM, 18, 28, 16
MM, 17, 28, 16
MM, 17, 27, 16
MM, 17, 25, 104
MM, 20, 22, 39
MC, 1, 193
MM, 19, 22, 112
MM, 14, 21, 32
MM, 1, 21, 34
MM, 33, 20, 30
MM, 32, 20, 112
MM, 31, 19, 24
MC, 1, 160
MM, 32, 19, 96
MM, 11, 19, 32
MM, 11, 24, 32
MM, 3, 30, 24
MM, 498, 628, 32
MM, 537, 629, 32
MM, 564, 630, 24
MM, 572, 630, 16
MM, 581, 630, 32
MM, 590, 630, 32
MM, 609, 632, 24
MM, 615, 632, 16
MM, 615, 633, 111
MM, 614, 636, 25
MM, 610, 639, 24
MM, 38, 7, 16
MM, 37, 8, 15
MM, 34, 10, 25
MM, 28, 13, 23
MM, 26, 14, 16
MM, 22, 16, 25
MM, 20, 18, 23
MM, 19, 18, 273
MM, 13, 15, 183
MM, 8, 8, 25
MM, 3, 3, 24
MM, 22, 30, 32
MM, 11, 21, 16
MM, 24, 9, 31
MM, 25, 0, 33
MM, 22, 0, 15
MM, 484, 596, 33
MM, 482, 596, 31
MM, 480, 596, 16
MM, 479, 596, 65
MM, 473, 594, 32
MM, 462, 592, 24
MM, 456, 591, 16
MM, 450, 590, 24
MM, 34, 29, 8
MM, 33, 29, 56
MM, 32, 29, 16
MM, 27, 26, 24
MM, 21, 21, 24
MM, 20, 20, 16
MM, 19, 20, 23
MM, 19, 19, 17
MC, 1, 240
MM, 21, 20, 64
MM, 441, 592, 32
MM, 28, 15, 32
MM, 13, 22, 152
MM, 64, 0, 40
MM, 66, 5, 24
MC, 1, 416
MM, 67, 5, 88
MM, 78, 4, 24
MM, 504, 668, 26
MM, 17, 22, 46
MM, 15, 13, 40
MM, 12, 3, 32
MM, 649, 630, 40
MM, 654, 627, 40
MM, 17, 20, 40
MM, 18, 19, 80
MM, 29, 15, 23
MM, 689, 611, 8
MM, 30, 14, 153
MM, 29, 13, 23
MM, 28, 13, 32
MM, 23, 13, 161
MM, 20, 12, 40
MM, 19, 12, 56
MM, 19, 11, 8
MM, 17, 11, 32
MM, 16, 11, 33
MM, 10, 9, 39
MM, 4, 7, 16
MM, 633, 596, 40
MM, 25, 24, 49
MM, 29, 21, 31
MM, 15, 19, 32
MM, 2, 16, 16
MM, 30, 15, 24
MM, 29, 15, 8
MM, 28, 15, 72
MM, 20, 15, 16
MM, 5, 14, 32
MM, 3, 13, 24
MM, 451, 571, 32
MM, 21, 9, 24
MM, 20, 9, 16
MC, 1, 432
MM, 22, 9, 80
MM, 28, 9, 16
MM, 32, 9, 8
MM, 453, 570, 16
MM, 7, 12, 24
MM, 19, 13, 24
MM, 26, 15, 16
MM, 31, 16, 16
MM, 490, 576, 16
MM, 492, 577, 16
MM, 1, 18, 32
MM, 2, 18, 24
MM, 3, 19, 56
MM, 8, 19, 16
MM, 11, 21, 16
MM, 12, 21, 80
MM, 13, 21, 24
MC, 1, 375
MC, 2, 168
MM, 12, 21, 369
MM, 11, 21, 31
MM, 10, 21, 16
MM, 9, 21, 8
MM, 8, 21, 8
MM, 6, 21, 16
MM, 5, 21, 24
MM, 493, 579, 24
MM, 30, 18, 24
MM, 26, 16, 16
MM, 23, 16, 16
MM, 22, 16, 17
MM, 20, 15, 24
MM, 11, 14, 24
MM, 7, 13, 24
MM, 6, 13, 8
MM, 5, 13, 24
MM, 4, 13, 16
MM, 3, 12, 32
MM, 2, 12, 24
MM, 0, 12, 16
MM, 454, 572, 8
MM, 453, 572, 16
MM, 452, 571, 8
MM, 451, 571, 16
MM, 450, 571, 48
MM, 31, 11, 16
MM, 29, 11, 80
MM, 27, 11, 8
MM, 25, 11, 15
MM, 24, 11, 40
MM, 23, 11, 16
MC, 1, 232
MM, 24, 11, 112
MM, 25, 12, 8
MM, 27, 12, 8
MM, 29, 13, 32
MM, 33, 14, 16
MM, 452, 576, 17
MM, 6, 19, 24
MM, 8, 19, 8
MM, 9, 19, 24
MC, 1, 256
MM, 9, 21, 192
MM, 7, 4, 24
MM, 22, 1, 40
MM, 24, 18, 32
MM, 26, 28, 24
MM, 476, 670, 32
MM, 78, 4, 40
MM, 79, 8, 40
MM, 79, 10, 16
MM, 79, 12, 56
MM, 82, 18, 16
MM, 82, 20, 24
MC, 1, 295
MM, 82, 17, 89
MM, 482, 665, 23
MM, 481, 633, 25
MM, 19, 28, 16
MM, 20, 26, 40
MM, 21, 23, 32
MM, 25, 9, 31
MM, 492, 589, 32
MM, 1, 22, 33
MM, 2, 22, 56
MM, 3, 22, 79
MM, 6, 22, 33
MM, 7, 22, 24
MM, 8, 22, 47
MM, 9, 22, 104
MC, 1, 161
MM, 13, 22, 63
MM, 21, 27, 24
MM, 531, 594, 40
MM, 536, 597, 17
MM, 1, 3, 24
MM, 5, 4, 24
MM, 5, 5, 8
MM, 6, 5, 40
MM, 8, 6, 80
MM, 8, 7, 16
MM, 7, 7, 240
MM, 537, 603, 32
MM, 19, 6, 24
MM, 458, 608, 40
MM, 13, 12, 32
MM, 28, 11, 336
MC, 1, 216
MM, 29, 10, 112
MM, 374, 605, 15
MM, 21, 0, 33
MM, 17, 29, 23
MM, 15, 23, 34
MM, 28, 22, 23
MM, 30, 22, 16
MM, 493, 582, 24
MM, 4, 22, 32
MM, 6, 22, 24
MM, 11, 22, 56
MM, 12, 22, 16
MC, 1, 320
MM, 12, 23, 120
MM, 11, 30, 40
MM, 0, 19, 40
MM, 7, 11, 48
MM, 7, 22, 48
MM, 7, 28, 32
MM, 495, 667, 32
MM, 95, 10, 32
MM, 93, 18, 16
MM, 92, 23, 16
MM, 92, 24, 16
MM, 91, 24, 248
MM, 89, 23, 16
MM, 89, 21, 24
MM, 88, 21, 32
MM, 88, 18, 48
MM, 87, 17, 24
MC, 1, 216
MM, 87, 16, 56
MM, 486, 670, 31
MM, 2, 24, 16
MM, 496, 632, 25
MM, 2, 23, 24
MM, 4, 18, 31
MM, 5, 15, 24
MM, 7, 8, 24
MM, 9, 4, 25
MM, 10, 2, 96
MM, 510, 596, 15
MM, 20, 27, 33
MM, 21, 23, 15
MM, 22, 22, 8
MM, 22, 21, 40
MM, 23, 20, 57
MM, 24, 16, 16
MM, 25, 16, 152
MC, 1, 112
MM, 27, 17, 64
MM, 0, 25, 40
MM, 3, 28, 32
MM, 541, 594, 32
MM, 6, 1, 32
MM, 8, 3, 16
MM, 9, 4, 136
MM, 11, 8, 23
MM, 12, 8, 24
MM, 12, 9, 16
MC, 1, 177
MM, 11, 9, 112
MM, 10, 9, 16
MM, 5, 7, 24
MM, 537, 601, 24
MM, 518, 594, 40
MM, 10, 29, 32
MM, 5, 27, 24
MM, 0, 25, 32
MM, 29, 23, 32
MM, 20, 21, 32
MM, 11, 20, 24
MM, 5, 19, 24
MM, 454, 577, 32
MM, 33, 16, 24
MM, 28, 14, 32
MC, 1, 328
MM, 29, 14, 96
MM, 31, 14, 16
MM, 3, 16, 32
MM, 23, 19, 31
MM, 489, 579, 32
MM, 3, 20, 25
MM, 22, 22, 39
MM, 25, 23, 24
MM, 527, 583, 49
MM, 10, 23, 40
MM, 11, 23, 8
MM, 12, 23, 80
MM, 13, 23, 80
MM, 14, 22, 8
MM, 15, 22, 72
MC, 1, 112
MM, 14, 23, 168
MM, 11, 29, 17
MM, 27, 24, 31
MM, 19, 26, 32
MM, 504, 667, 32
MM, 503, 667, 8
MM, 503, 670, 58
MM, 103, 0, 14
MM, 103, 1, 40
MM, 103, 2, 56
MM, 101, 7, 32
MM, 100, 11, 24
MM, 99, 13, 96
MM, 98, 15, 16
MM, 98, 16, 8
MC, 1, 312
MM, 96, 16, 40
MM, 92, 13, 40
MM, 89, 10, 16
MM, 83, 5, 16
MM, 470, 666, 24
MM, 4, 21, 24
MM, 29, 15, 34
MM, 18, 12, 22
MM, 5, 7, 32
MM, 1, 4, 32
MM, 407, 635, 24
MM, 405, 630, 32
MM, 405, 629, 32
MM, 24, 30, 16
MM, 22, 27, 16
MM, 19, 23, 16
MM, 18, 20, 24
MC, 1, 296
MM, 19, 20, 56
MM, 22, 18, 15
MM, 28, 15, 16
MM, 417, 608, 24
MM, 8, 7, 24
MM, 24, 2, 25
MM, 460, 595, 23
MM, 471, 593, 16
MM, 488, 590, 25
MM, 3, 29, 23
MM, 10, 27, 17
MM, 12, 26, 15
MM, 12, 25, 56
MM, 19, 22, 25
MM, 20, 21, 15
MM, 21, 21, 8
MC, 1, 273
MM, 20, 21, 47
MM, 19, 19, 16
MM, 18, 19, 24
MM, 17, 19, 9
MM, 15, 19, 15
MM, 11, 19, 16
MM, 1, 22, 24
MM, 22, 26, 17
MM, 449, 594, 32
MM, 437, 596, 23
MM, 435, 596, 16
MM, 431, 596, 25
MM, 33, 1, 32
MM, 19, 3, 24
MM, 18, 3, 8
MM, 16, 4, 32
MM, 14, 4, 32
MM, 11, 4, 8
MM, 6, 4, 16
MM, 4, 4, 8
MM, 3, 4, 56
MM, 0, 4, 16
MM, 379, 602, 40
MM, 377, 602, 40
MM, 24, 11, 32
MM, 22, 12, 16
MM, 21, 12, 8
MM, 21, 13, 24
MC, 1, 304
MM, 22, 13, 72
MM, 32, 9, 24
MM, 10, 3, 24
MM, 405, 594, 16
MM, 21, 24, 32
MM, 28, 22, 16
MM, 30, 22, 16
MM, 32, 21, 24
MM, 33, 21, 16
MM, 34, 20, 16
MM, 453, 580, 24
MM, 454, 580, 72
MM, 1, 18, 16
MM, 2, 18, 8
MM, 4, 18, 40
MM, 9, 18, 16
MM, 19, 17, 24
MM, 19, 16, 8
MC, 1, 484
MM, 29, 18, 36
MM, 493, 580, 64
MM, 3, 20, 32
MC, 1, 200
MM, 3, 21, 144
MM, 4, 28, 32
MM, 5, 15, 40
MM, 510, 632, 32
MM, 24, 10, 40
MM, 24, 14, 32
MM, 23, 27, 40
MM, 510, 667, 40
MM, 107, 12, 61
MM, 105, 20, 27
MM, 104, 20, 73
MM, 104, 21, 7
MM, 104, 22, 56
MM, 104, 23, 80
MC, 1, 152
MM, 101, 22, 40
MM, 92, 9, 56
MM, 484, 668, 16
MM, 18, 4, 48
MM, 34, 28, 24
MM, 15, 3, 48
MM, 15, 2, 9
MM, 15, 1, 79
MM, 14, 1, 8
MM, 13, 0, 64
MM, 432, 594, 42
MM, 427, 591, 30
MM, 2, 24, 40
MM, 409, 580, 40
MM, 36, 20, 32
MM, 35, 20, 24
MM, 34, 20, 41
MC, 1, 280
MM, 409, 580, 71
MM, 10, 22, 40
MM, 31, 24, 32
MM, 488, 584, 32
MM, 528, 584, 32
MM, 21, 21, 32
MM, 31, 19, 32
MM, 32, 19, 32
MM, 564, 578, 8
MM, 0, 17, 24
MM, 2, 17, 32
MM, 2, 16, 8
MM, 3, 16, 48
MM, 4, 16, 16
MM, 7, 15, 24
MM, 10, 15, 24
MM, 13, 15, 32
MM, 21, 15, 24
MM, 24, 15, 8
MM, 25, 15, 32
MM, 26, 15, 64
MM, 28, 15, 104
MM, 31, 15, 16
MM, 34, 15, 24
MM, 607, 576, 16
MM, 3, 17, 40
MM, 7, 18, 32
MM, 9, 18, 16
MM, 10, 18, 8
MC, 1, 288
MM, 9, 18, 24
MM, 5, 18, 32
MM, 608, 577, 24
MM, 27, 16, 24
MM, 9, 16, 24
MM, 565, 576, 16
MM, 12, 16, 24
MM, 26, 16, 24
MM, 11, 16, 24
MM, 8, 16, 15
MM, 6, 16, 16
MM, 0, 16, 16
MM, 29, 15, 16
MM, 26, 14, 17
MM, 25, 14, 8
MM, 26, 14, 200
MM, 27, 14, 8
MM, 30, 14, 16
MM, 491, 575, 16
MM, 5, 17, 24
MM, 7, 18, 8
MM, 10, 19, 24
MM, 12, 19, 15
MM, 13, 19, 64
MM, 14, 19, 8
MM, 15, 19, 24
MM, 15, 20, 105
MC, 1, 96
MM, 16, 21, 103
MM, 21, 24, 16
MM, 26, 28, 16
MM, 526, 595, 24
MM, 31, 1, 25
MM, 32, 1, 31
MM, 33, 2, 16
MM, 537, 604, 24
MM, 3, 12, 25
MM, 5, 13, 16
MM, 5, 14, 16
MM, 6, 14, 72
MM, 7, 14, 40
MM, 8, 14, 16
MM, 10, 15, 24
MM, 11, 15, 88
MM, 13, 16, 232
MM, 16, 16, 15
MM, 19, 16, 16
MM, 20, 16, 16
MM, 21, 16, 24
MM, 23, 16, 16
MM, 32, 16, 32
MM, 575, 614, 8
MM, 1, 17, 24
MM, 5, 17, 24
MM, 9, 20, 25
MM, 13, 21, 16
MM, 17, 22, 16
MM, 19, 25, 16
MM, 24, 26, 24
MM, 25, 26, 24
MM, 27, 28, 16
MM, 29, 29, 16
MM, 29, 30, 16
MM, 30, 30, 32
MM, 613, 629, 16
MM, 618, 632, 24
MM, 619, 633, 88
MM, 621, 633, 16
MM, 8, 0, 8
MM, 14, 2, 32
MM, 21, 2, 24
MM, 27, 3, 24
MM, 28, 3, 8
MM, 29, 3, 48
MM, 648, 639, 24
MM, 651, 640, 24
MM, 1, 7, 112
MM, 2, 8, 31
MM, 2, 9, 49
MM, 4, 10, 15
MM, 7, 13, 16
MM, 10, 15, 24
MM, 13, 16, 24
MC, 1, 248
MM, 13, 15, 129
MM, 29, 3, 32
MM, 692, 633, 32
MM, 697, 632, 24
MM, 705, 630, 40
MM, 10, 20, 48
MM, 44, 20, 32
