********************************************************************************
LOGGING TIME: 20171031_224259
CLIENT IP: 10.145.130.117
USERNAME: hp pc
OS: Windows 10
**********************************Emotional database********************************************************************************
MM, 751, 638, 1507533521386
MM, 741, 637, 48
MM, 739, 637, 16
MM, 735, 636, 24
MM, 728, 635, 16
MM, 708, 634, 16
MM, 695, 633, 8
MM, 669, 630, 18
MM, 656, 629, 6
MM, 614, 625, 16
MM, 8, 26, 9
MM, 24, 25, 7
MM, 15, 23, 16
MM, 34, 19, 16
MM, 8, 14, 16
MM, 22, 12, 8
MM, 46, 11, 16
MM, 7, 8, 24
MM, 269, 604, 8
MM, 248, 603, 16
MM, 237, 601, 8
MM, 217, 599, 16
MM, 198, 598, 8
MM, 130, 587, 16
MM, 93, 582, 8
MM, 64, 576, 8
MM, 40, 571, 8
MM, 19, 567, 8
MM, 228, 32, 744
MM, 248, 41, 8
MM, 279, 54, 16
MM, 299, 61, 16
MM, 302, 62, 17
MM, 302, 63, 87
MM, 302, 64, 32
MM, 301, 66, 16
MM, 300, 67, 16
MM, 297, 70, 16
MM, 295, 71, 8
MM, 285, 79, 32
MM, 281, 82, 16
MM, 275, 85, 16
MM, 272, 87, 16
MM, 271, 88, 16
MM, 268, 90, 17
MM, 266, 92, 15
MM, 266, 94, 7
MM, 265, 96, 16
MM, 263, 99, 16
MM, 262, 103, 16
MM, 262, 104, 16
MM, 262, 105, 57
MM, 262, 107, 23
MM, 265, 108, 16
MM, 270, 110, 17
MM, 262, 110, 584
MM, 250, 112, 7
MM, 166, 126, 25
MM, 85, 135, 16
MM, 40, 141, 8
MM, 20, 228, 2304
MM, 169, 202, 31
MM, 323, 252, 209
MM, 327, 258, 8
MM, 330, 268, 24
MM, 331, 277, 16
MM, 81, 8, 15
MM, 83, 28, 16
MM, 85, 52, 16
MM, 87, 78, 16
MM, 339, 382, 16
MM, 342, 392, 17
MM, 343, 392, 175
MM, 343, 391, 17
MM, 343, 389, 8
MM, 343, 383, 16
MM, 345, 377, 16
MM, 345, 376, 7
MM, 346, 369, 16
MM, 95, 75, 16
MM, 95, 64, 16
MM, 95, 53, 17
MM, 95, 53, 7528
MM, 93, 53, 439
MM, 84, 46, 17
MM, 78, 43, 9
MM, 78, 42, 55
MM, 77, 42, 25
MM, 76, 41, 28223
MM, 75, 41, 8
MM, 70, 39, 16
MM, 53, 31, 16
MM, 45, 27, 16
MM, 44, 27, 8
MM, 43, 27, 2688
MM, 40, 27, 16
MM, 29, 27, 16
MM, 27, 27, 8
MM, 27, 26, 80
MM, 26, 26, 295
MM, 27, 26, 10713
MM, 30, 26, 9
MM, 46, 29, 23
MM, 67, 41, 16
MM, 98, 80, 16
MM, 141, 11, 16
MM, 182, 76, 16
MM, 15, 25, 16
MM, 1, 17, 16
MM, 9, 25, 24
MM, 9, 26, 168
MM, 8, 27, 8
MM, 490, 591, 16
MM, 3, 2, 24
MM, 30, 3, 16
MM, 18, 2, 24
MM, 16, 2, 24
MM, 15, 1, 9
MM, 14, 1, 7
MM, 13, 1, 48
MM, 13, 0, 24
MM, 433, 596, 24
MM, 433, 595, 8
MM, 433, 594, 24
MM, 15, 29, 16
MM, 12, 24, 16
MM, 6, 9, 16
MM, 416, 554, 16
MM, 412, 542, 25
MM, 412, 538, 16
MM, 411, 538, 23
MM, 410, 538, 151
MM, 409, 538, 8
MM, 34, 15, 17
MM, 33, 15, 9
MM, 32, 15, 16
MM, 31, 15, 39
MM, 30, 15, 9
MM, 26, 15, 16
MM, 24, 15, 16
MM, 21, 15, 16
MM, 20, 15, 16
MM, 22, 15, 287
MM, 27, 14, 8
MM, 17, 11, 24
MM, 0, 8, 16
MM, 496, 524, 24
MM, 554, 517, 25
MM, 587, 513, 15
MM, 600, 513, 16
MM, 601, 513, 103
MM, 602, 513, 25
MM, 603, 513, 9
MM, 604, 513, 31
MM, 605, 513, 15
MM, 606, 513, 16
MM, 607, 514, 16
MM, 608, 514, 9
MM, 610, 515, 15
MM, 614, 515, 17
MM, 619, 516, 16
MM, 621, 517, 16
MM, 623, 517, 16
MM, 624, 517, 39
MM, 628, 518, 16
MM, 639, 521, 17
MM, 26, 0, 16
MM, 31, 2, 16
MM, 32, 2, 89
MM, 33, 2, 16
MM, 34, 2, 7
MM, 657, 526, 25
MM, 658, 527, 16
MM, 659, 527, 23
MM, 660, 527, 49
MM, 0, 4, 15
MM, 2, 5, 16
MM, 4, 5, 9
MM, 5, 5, 15
MM, 5, 7, 263
MM, 12, 14, 17
MM, 16, 22, 15
MM, 16, 26, 16
MM, 678, 557, 16
MM, 31, 4, 25
MM, 31, 8, 15
MM, 31, 12, 18
MM, 32, 16, 14
MM, 32, 20, 17
MM, 32, 24, 16
MM, 680, 595, 17
MM, 22, 4, 15
MM, 22, 25, 24
MM, 681, 630, 16
MM, 29, 2, 16
MM, 29, 4, 8
MM, 29, 5, 135
MM, 29, 6, 154
MM, 28, 6, 8
MM, 27, 7, 31
MM, 27, 8, 24
MM, 26, 8, 16
MM, 25, 9, 40
MM, 23, 11, 19
MM, 23, 12, 5
MM, 21, 12, 208
MM, 20, 12, 40
MM, 16, 12, 17
MM, 11, 10, 15
MM, 0, 9, 16
MM, 20, 5, 16
MM, 605, 633, 24
MM, 2, 29, 23
MM, 26, 21, 25
MM, 14, 15, 24
MM, 9, 11, 15
MM, 8, 11, 80
MM, 7, 11, 17
MM, 6, 11, 8
MM, 5, 10, 33
MM, 4, 10, 32
MM, 3, 10, 23
MM, 539, 605, 16
MM, 523, 594, 24
MM, 20, 27, 16
MM, 7, 18, 24
MM, 5, 17, 16
MM, 5, 16, 40
MC, 1, 264
MM, 15, 20, 48
MM, 24, 26, 25
MM, 27, 29, 16
MM, 525, 591, 15
MM, 526, 591, 16
MM, 527, 592, 31
MM, 534, 596, 24
MM, 537, 597, 26
MM, 538, 598, 16
MM, 0, 1, 87
MM, 4, 3, 16
MM, 11, 5, 25
MM, 12, 6, 23
MC, 1, 240
MM, 11, 6, 79
MM, 3, 5, 17
MM, 518, 595, 24
MM, 489, 589, 24
MM, 27, 29, 25
MM, 24, 29, 23
MM, 23, 29, 41
MM, 21, 28, 16
MM, 20, 27, 7
MM, 15, 26, 24
MM, 10, 25, 16
MM, 3, 22, 16
MM, 455, 581, 8
MM, 34, 20, 16
MM, 32, 19, 15
MM, 29, 18, 16
MM, 27, 18, 16
MM, 25, 16, 16
MM, 24, 16, 9
MM, 23, 16, 17
MC, 1, 223
MM, 24, 16, 64
MM, 28, 18, 8
MM, 458, 593, 24
MM, 5, 11, 24
MM, 9, 23, 24
MM, 473, 628, 24
MM, 25, 4, 24
MM, 27, 17, 24
MM, 477, 666, 16
MM, 79, 12, 24
MM, 80, 15, 17
MM, 80, 16, 231
MM, 81, 18, 7
MC, 1, 241
MM, 81, 6, 48
MM, 481, 666, 15
MM, 486, 649, 24
MM, 5, 3, 16
MM, 3, 27, 26
MM, 5, 23, 16
MM, 6, 22, 15
MM, 6, 21, 81
MM, 6, 19, 55
MM, 6, 18, 8
MM, 6, 13, 16
MM, 5, 8, 17
MM, 5, 1, 16
MM, 9, 22, 16
MM, 9, 18, 16
MM, 8, 18, 23
MM, 7, 18, 41
MM, 6, 18, 16
MM, 5, 18, 7
MM, 2, 18, 25
MM, 1, 18, 7
MM, 0, 18, 25
MM, 493, 578, 23
MM, 0, 17, 136
MM, 1, 17, 23
MM, 2, 17, 17
MM, 3, 17, 15
MM, 4, 17, 17
MC, 1, 303
MM, 5, 17, 58
MM, 7, 16, 15
MM, 9, 15, 15
MM, 14, 15, 16
MM, 17, 14, 25
MM, 19, 14, 15
MM, 26, 14, 25
MM, 30, 13, 15
MM, 1, 13, 25
MM, 9, 11, 25
MM, 11, 11, 16
MM, 12, 11, 15
MC, 1, 232
MM, 12, 10, 80
MM, 15, 10, 24
MM, 20, 10, 16
MM, 28, 10, 24
MM, 8, 10, 32
MM, 34, 10, 31
MM, 0, 10, 17
MM, 1, 10, 24
MM, 2, 10, 32
MM, 4, 10, 23
MM, 8, 10, 16
MM, 10, 10, 32
MM, 11, 10, 10
MM, 12, 10, 7
MM, 13, 10, 8
MM, 14, 10, 32
MM, 21, 10, 16
MM, 646, 570, 23
MM, 0, 10, 9
MM, 1, 10, 23
MM, 8, 10, 25
MM, 10, 10, 56
MM, 17, 10, 15
MM, 31, 10, 16
MM, 5, 10, 24
MM, 6, 10, 8
MM, 7, 10, 154
MC, 1, 271
MM, 6, 10, 64
MM, 4, 10, 17
MM, 687, 570, 31
MM, 32, 10, 48
MM, 28, 11, 23
MM, 26, 11, 16
MM, 22, 12, 25
MM, 18, 12, 16
MM, 13, 13, 24
MM, 7, 14, 24
MM, 6, 14, 33
MM, 5, 14, 7
MM, 3, 14, 32
MM, 647, 574, 25
MM, 645, 574, 23
MM, 644, 573, 25
MM, 643, 573, 7
MM, 30, 13, 32
MM, 29, 13, 25
MM, 25, 13, 31
MM, 18, 13, 24
MM, 17, 13, 8
MM, 16, 13, 24
MM, 15, 13, 24
MC, 1, 159
MM, 14, 13, 81
MM, 13, 13, 23
MM, 9, 14, 17
MM, 1, 18, 15
MM, 29, 24, 17
MM, 14, 30, 24
MM, 20, 6, 23
MM, 539, 614, 32
MM, 23, 24, 25
MM, 16, 28, 16
MM, 508, 628, 23
MM, 6, 0, 16
MM, 27, 10, 32
MM, 3, 23, 25
MM, 446, 661, 16
MM, 445, 661, 39
MM, 444, 662, 16
MM, 443, 663, 17
MM, 32, 29, 15
MM, 433, 667, 25
MM, 423, 669, 32
MM, 422, 669, 16
MM, 421, 669, 16
MM, 420, 669, 33
MM, 420, 668, 150
MM, 421, 666, 25
MM, 421, 665, 32
MM, 13, 30, 40
MM, 13, 28, 24
MM, 16, 18, 24
MM, 17, 16, 8
MM, 17, 15, 17
MC, 1, 239
MM, 16, 15, 71
MM, 12, 14, 25
MM, 30, 7, 48
MM, 13, 0, 23
MM, 379, 633, 25
MM, 378, 633, 16
MM, 378, 632, 31
MM, 377, 632, 17
MM, 377, 631, 23
MM, 375, 630, 17
MM, 34, 30, 24
MM, 29, 18, 23
MM, 28, 17, 26
MC, 1, 311
MM, 29, 17, 48
MM, 32, 16, 15
MM, 0, 15, 25
MM, 11, 15, 16
MM, 30, 15, 24
MM, 14, 15, 16
MM, 2, 15, 16
MM, 2, 15, 25
MM, 34, 15, 31
MM, 3, 15, 16
MM, 12, 14, 24
MM, 14, 14, 16
MM, 21, 14, 24
MM, 580, 611, 16
MM, 3, 14, 32
MM, 10, 14, 16
MM, 11, 14, 7
MM, 12, 14, 41
MM, 18, 14, 23
MM, 28, 14, 16
MM, 33, 12, 16
MM, 652, 609, 17
MM, 653, 609, 31
MM, 655, 609, 25
MM, 656, 609, 17
MM, 657, 609, 22
MM, 0, 12, 8
MM, 1, 12, 33
MM, 2, 12, 39
MM, 2, 11, 9
MC, 1, 208
MM, 2, 12, 128
MM, 2, 16, 16
MM, 2, 18, 17
MM, 0, 21, 23
MM, 33, 25, 25
MM, 23, 30, 23
MM, 2, 7, 32
MM, 19, 19, 25
MM, 550, 668, 31
MM, 141, 1, 17
MM, 140, 1, 16
MM, 139, 1, 39
MM, 135, 3, 25
MM, 123, 6, 23
MM, 122, 6, 104
MM, 122, 6, 208
MM, 124, 1, 16
MM, 4, 30, 24
MM, 24, 17, 32
MM, 8, 8, 25
MM, 603, 632, 23
MM, 614, 628, 24
MM, 616, 627, 24
MM, 617, 627, 16
MM, 1, 29, 24
MM, 5, 27, 24
MM, 11, 26, 8
MM, 29, 22, 24
MM, 30, 22, 32
MM, 30, 21, 9
MM, 31, 21, 111
MM, 32, 21, 16
MM, 652, 617, 15
MM, 653, 617, 25
MM, 654, 617, 79
MM, 3, 17, 16
MM, 18, 11, 17
MM, 21, 11, 9
MC, 1, 351
MM, 19, 10, 49
MM, 17, 9, 16
MM, 13, 9, 16
MM, 7, 8, 23
MM, 654, 605, 25
MM, 10, 8, 23
MM, 26, 8, 16
MM, 29, 8, 24
MM, 537, 605, 24
MM, 21, 8, 25
MM, 10, 7, 32
MM, 497, 604, 16
MM, 24, 6, 23
MM, 18, 6, 16
MM, 17, 6, 16
MM, 16, 6, 24
MM, 15, 6, 32
MM, 15, 5, 16
MM, 14, 5, 8
MM, 12, 5, 24
MM, 11, 3, 16
MM, 464, 596, 24
MM, 457, 593, 16
MM, 454, 592, 32
MM, 451, 591, 25
MM, 34, 30, 23
MM, 31, 29, 32
MM, 27, 27, 24
MM, 20, 24, 24
MM, 15, 21, 24
MM, 13, 20, 16
MM, 12, 20, 7
MC, 1, 225
MM, 11, 20, 176
MM, 9, 22, 15
MM, 2, 25, 16
MM, 398, 595, 25
MM, 3, 5, 17
MM, 376, 607, 15
MM, 375, 607, 56
MM, 374, 607, 192
MM, 33, 10, 8
MM, 31, 10, 16
MM, 30, 10, 103
MC, 1, 298
MM, 32, 10, 71
MM, 7, 10, 24
MM, 17, 10, 24
MM, 27, 11, 25
MM, 32, 11, 15
MM, 416, 609, 32
MM, 1, 12, 24
MM, 7, 13, 32
MM, 11, 13, 16
MM, 17, 15, 24
MM, 18, 15, 7
MM, 19, 15, 25
MC, 1, 183
MM, 20, 18, 112
MM, 23, 26, 16
MM, 1, 4, 32
MM, 6, 12, 32
MM, 7, 13, 16
MM, 7, 14, 65
MM, 9, 18, 16
MM, 10, 20, 24
MM, 11, 23, 56
MM, 463, 666, 16
MM, 67, 5, 25
MM, 68, 7, 15
MC, 1, 352
MM, 69, 7, 88
MM, 478, 670, 31
MM, 16, 23, 32
MM, 9, 9, 41
MM, 22, 2, 48
MM, 16, 22, 32
MM, 0, 14, 32
MM, 1, 12, 16
MM, 3, 12, 49
MM, 20, 6, 23
MM, 655, 598, 32
MM, 656, 598, 25
MM, 0, 0, 39
MM, 674, 591, 24
MM, 7, 23, 32
MM, 8, 23, 8
MM, 9, 22, 40
MC, 1, 359
MM, 6, 22, 65
MM, 2, 21, 25
MM, 684, 581, 23
MM, 29, 21, 25
MM, 20, 21, 23
MM, 10, 22, 16
MM, 23, 24, 25
MM, 15, 29, 31
MM, 529, 589, 32
MM, 17, 30, 32
MM, 10, 30, 24
MM, 5, 30, 25
MM, 491, 589, 23
MM, 488, 589, 32
MM, 29, 28, 31
MM, 21, 27, 25
MM, 4, 26, 24
MM, 3, 26, 8
MM, 1, 25, 32
MM, 454, 585, 24
MM, 31, 24, 24
MM, 17, 22, 32
MM, 16, 21, 16
MM, 15, 21, 16
MM, 14, 21, 23
MM, 14, 20, 16
MC, 1, 249
MM, 15, 20, 72
MM, 22, 21, 16
MM, 31, 24, 16
MM, 471, 593, 32
MM, 496, 601, 24
MM, 20, 12, 24
MM, 34, 18, 25
MM, 5, 22, 23
MM, 7, 24, 16
MM, 8, 24, 16
MM, 9, 24, 24
MM, 11, 25, 40
MM, 14, 27, 32
MM, 16, 29, 25
MM, 557, 628, 32
MM, 558, 632, 22
MM, 29, 1, 25
MM, 30, 2, 23
MM, 30, 3, 96
MM, 30, 4, 17
MM, 29, 5, 25
MM, 28, 5, 16
MM, 27, 6, 23
MM, 26, 7, 88
MC, 1, 152
MM, 25, 7, 80
MM, 17, 8, 32
MM, 2, 10, 25
MM, 31, 15, 16
MM, 3, 25, 23
MM, 21, 29, 25
MM, 452, 665, 23
MM, 450, 665, 32
MM, 446, 665, 24
MM, 444, 665, 23
MM, 442, 665, 26
MM, 32, 30, 23
MM, 31, 29, 32
MM, 29, 29, 24
MM, 25, 27, 33
MM, 20, 23, 23
MM, 19, 21, 24
MM, 19, 20, 24
MC, 1, 392
MM, 20, 18, 71
MM, 31, 8, 25
MM, 455, 632, 24
MM, 11, 27, 32
MM, 498, 615, 31
MM, 16, 13, 28
MM, 25, 11, 20
MM, 26, 11, 25
MM, 33, 9, 39
MM, 534, 605, 16
MM, 537, 604, 25
MM, 6, 4, 39
MM, 559, 596, 25
MM, 566, 594, 32
MM, 567, 594, 7
MM, 568, 594, 25
MM, 18, 29, 48
MM, 29, 26, 24
MM, 30, 25, 16
MM, 31, 25, 103
MM, 32, 25, 66
MM, 33, 24, 22
MM, 34, 24, 9
MM, 605, 584, 48
MM, 606, 584, 121
MM, 606, 583, 14
MM, 608, 583, 17
MM, 609, 582, 32
MM, 6, 18, 15
MM, 25, 11, 25
MC, 1, 255
MM, 27, 13, 201
MM, 643, 584, 25
MM, 5, 10, 39
MM, 6, 11, 9
MC, 1, 391
MM, 6, 12, 201
MM, 5, 13, 23
MM, 2, 18, 32
MM, 0, 20, 24
MM, 652, 621, 40
MM, 27, 29, 32
MM, 636, 629, 32
MM, 11, 0, 32
MM, 2, 3, 32
MM, 16, 13, 32
MM, 21, 26, 48
MM, 20, 27, 9
MM, 19, 27, 55
MM, 17, 28, 16
MM, 15, 29, 33
MM, 12, 30, 31
MM, 535, 668, 24
MM, 534, 669, 25
MM, 534, 670, 71
MM, 130, 0, 24
MM, 126, 2, 32
MM, 114, 12, 32
MM, 113, 12, 8
MC, 1, 936
MM, 111, 12, 256
MM, 102, 5, 24
MM, 3, 25, 24
MM, 1, 22, 16
MM, 0, 22, 96
MM, 487, 656, 57
MM, 487, 655, 7
MM, 486, 655, 25
MM, 483, 655, 23
MM, 482, 654, 16
MM, 29, 19, 25
MM, 27, 19, 7
MM, 26, 19, 25
MM, 23, 18, 23
MM, 17, 16, 16
MM, 12, 15, 16
MM, 11, 14, 32
MM, 10, 14, 24
MM, 8, 14, 16
MM, 6, 14, 8
MM, 3, 13, 16
MM, 445, 646, 16
MM, 31, 11, 16
MM, 30, 11, 32
MM, 28, 11, 15
MM, 27, 11, 32
MM, 26, 11, 9
MM, 25, 11, 31
MM, 24, 11, 9
MM, 23, 10, 15
MM, 22, 10, 16
MM, 21, 9, 16
MM, 20, 9, 8
MC, 1, 200
MM, 18, 8, 104
MM, 14, 7, 8
MM, 405, 633, 16
MM, 390, 628, 16
MM, 8, 30, 9
MM, 3, 28, 32
MM, 2, 28, 33
MM, 0, 28, 15
MM, 379, 624, 16
MM, 377, 624, 23
MM, 376, 623, 16
MM, 374, 623, 16
MM, 34, 25, 17
MM, 33, 25, 25
MM, 33, 24, 31
MM, 30, 24, 15
MM, 27, 22, 17
MC, 1, 295
MM, 29, 22, 64
MM, 379, 621, 16
MM, 10, 27, 16
MM, 24, 30, 17
MM, 419, 629, 24
MM, 427, 631, 23
MM, 431, 632, 16
MM, 32, 1, 16
MM, 29, 9, 40
MM, 1, 11, 25
MM, 4, 11, 23
MM, 13, 12, 40
MM, 19, 12, 16
MM, 25, 13, 17
MM, 26, 13, 8
MM, 27, 13, 15
MM, 29, 13, 40
MM, 32, 13, 17
MM, 33, 14, 16
MM, 523, 648, 16
MM, 524, 648, 16
MM, 527, 648, 41
MM, 0, 14, 23
MM, 2, 14, 16
MM, 3, 14, 32
MM, 4, 14, 16
MM, 5, 14, 32
MM, 6, 14, 32
MM, 8, 14, 16
MM, 12, 15, 32
MM, 13, 15, 9
MC, 1, 246
MM, 13, 16, 128
MM, 12, 17, 33
MM, 11, 19, 24
MM, 10, 22, 23
MM, 132, 3, 32
MM, 128, 11, 33
MC, 1, 296
MM, 126, 11, 55
MM, 119, 8, 17
MM, 501, 667, 32
MM, 483, 656, 25
MM, 5, 1, 23
MM, 443, 630, 16
MM, 439, 628, 16
MM, 438, 628, 73
MM, 17, 30, 111
MM, 14, 28, 33
MM, 11, 25, 31
MM, 9, 21, 24
MM, 9, 19, 16
MM, 9, 18, 40
MC, 1, 192
MM, 10, 18, 120
MM, 20, 9, 24
MM, 26, 1, 23
MM, 451, 591, 33
MM, 453, 588, 24
MM, 0, 26, 32
MM, 1, 25, 56
MM, 3, 24, 16
MM, 8, 22, 24
MM, 8, 22, 327
MM, 6, 22, 25
MM, 4, 22, 7
MM, 0, 24, 25
MM, 451, 587, 23
MM, 27, 30, 32
MM, 434, 593, 24
MM, 0, 0, 33
MM, 24, 4, 23
MM, 19, 5, 33
MM, 15, 6, 31
MM, 10, 7, 32
MM, 1, 7, 33
MM, 376, 604, 24
MM, 375, 604, 87
MM, 33, 7, 16
MM, 32, 7, 16
MC, 1, 273
MM, 32, 6, 153
MM, 34, 1, 23
MM, 374, 597, 16
MM, 378, 593, 48
MM, 381, 591, 24
MM, 11, 29, 16
MM, 13, 27, 32
MM, 14, 26, 24
MM, 14, 24, 48
MM, 15, 23, 15
MM, 16, 23, 42
MC, 1, 143
MM, 17, 23, 128
MM, 24, 27, 16
MM, 404, 592, 16
MM, 418, 604, 23
MM, 7, 19, 17
MM, 444, 637, 31
MM, 11, 22, 25
MM, 468, 667, 16
MM, 73, 3, 23
MM, 75, 5, 26
MM, 77, 8, 32
MM, 79, 11, 23
MM, 80, 12, 9
MM, 79, 12, 319
MM, 74, 10, 24
MM, 65, 5, 24
MM, 443, 665, 32
MM, 9, 22, 32
MM, 24, 10, 25
MM, 367, 631, 40
MM, 363, 630, 32
MM, 361, 629, 23
MM, 361, 628, 24
MM, 360, 628, 136
MM, 21, 30, 16
MM, 19, 26, 32
MM, 18, 22, 32
MC, 1, 281
MM, 20, 22, 89
MM, 32, 25, 22
MM, 392, 630, 24
MM, 10, 7, 40
MM, 444, 658, 34
MM, 63, 3, 31
MM, 69, 8, 32
MM, 70, 8, 71
MM, 71, 9, 16
MM, 71, 10, 9
MM, 72, 10, 16
MM, 73, 10, 71
MM, 73, 11, 41
MC, 1, 288
MM, 74, 11, 119
MM, 80, 9, 15
MM, 104, 0, 25
MM, 524, 664, 23
MM, 1, 27, 26
MM, 2, 26, 15
MM, 7, 23, 23
MM, 16, 18, 17
MM, 30, 10, 24
MM, 569, 638, 24
MM, 0, 4, 8
MM, 579, 633, 55
MM, 17, 14, 89
MM, 20, 14, 48
MM, 21, 14, 48
MM, 22, 14, 24
MM, 23, 14, 25
MM, 27, 14, 39
MM, 30, 14, 41
MM, 657, 612, 23
MM, 0, 15, 16
MM, 1, 15, 80
MM, 2, 15, 120
MM, 3, 15, 65
MC, 1, 199
MM, 2, 15, 80
MM, 653, 611, 32
MM, 27, 9, 32
MM, 20, 4, 32
MM, 17, 2, 24
MM, 16, 2, 24
MM, 16, 1, 40
MM, 14, 1, 16
MM, 14, 0, 8
MM, 631, 596, 32
MM, 18, 30, 47
MM, 17, 27, 32
MM, 16, 25, 33
MM, 15, 21, 57
MM, 15, 20, 15
MC, 1, 256
MM, 14, 20, 72
MM, 10, 20, 25
MM, 4, 24, 31
MM, 608, 588, 24
MM, 14, 4, 32
MM, 1, 15, 24
MM, 578, 614, 23
MM, 577, 615, 25
MM, 33, 20, 23
MM, 29, 23, 25
MM, 19, 30, 24
MM, 553, 631, 24
MM, 19, 1, 16
MM, 14, 3, 16
MM, 14, 4, 24
MM, 12, 5, 24
MM, 9, 6, 24
MC, 1, 327
MM, 7, 5, 89
MM, 529, 630, 15
MM, 14, 15, 33
MM, 498, 597, 24
MM, 490, 590, 16
MM, 22, 21, 23
MM, 17, 19, 33
MM, 16, 19, 111
MM, 15, 19, 9
MM, 14, 19, 23
MM, 9, 18, 32
MM, 4, 17, 16
MM, 450, 577, 25
MM, 28, 17, 23
MM, 22, 17, 17
MM, 21, 17, 15
MM, 16, 15, 33
MM, 15, 15, 7
MM, 13, 15, 33
MC, 1, 256
MM, 13, 18, 96
MM, 434, 596, 15
MM, 439, 632, 24
MM, 444, 663, 24
MM, 49, 3, 24
MM, 53, 10, 24
MM, 55, 15, 17
MM, 56, 16, 16
MM, 56, 17, 32
MM, 57, 19, 17
MM, 58, 20, 15
MM, 58, 21, 8
MC, 1, 312
MM, 58, 20, 80
MM, 59, 16, 7
MM, 61, 6, 16
MM, 462, 669, 16
MM, 16, 19, 16
MM, 11, 30, 16
MM, 16, 17, 9
MM, 487, 594, 16
MM, 2, 17, 16
MM, 4, 11, 7
MM, 5, 7, 16
MM, 5, 6, 80
MM, 5, 5, 32
MM, 6, 6, 289
MM, 7, 6, 8
MM, 10, 8, 8
MM, 17, 11, 15
MM, 20, 13, 9
MM, 24, 14, 16
MM, 25, 15, 16
MM, 25, 16, 88
MC, 1, 232
MM, 26, 16, 159
MM, 29, 19, 8
MM, 528, 580, 9
MM, 5, 27, 16
MM, 543, 593, 16
MM, 9, 1, 17
MM, 11, 3, 15
MM, 12, 3, 8
MM, 12, 5, 496
MM, 9, 5, 8
MM, 4, 8, 16
MM, 536, 607, 16
MM, 30, 12, 16
MM, 16, 13, 16
MM, 0, 14, 16
MM, 28, 14, 8
MM, 11, 16, 16
MM, 461, 613, 16
MM, 32, 16, 16
MM, 25, 16, 16
MM, 22, 16, 8
MM, 12, 16, 17
MM, 7, 16, 7
MM, 1, 16, 16
MM, 418, 613, 16
MM, 415, 613, 16
MM, 30, 16, 15
MM, 27, 15, 9
MM, 24, 15, 16
MM, 22, 15, 24
MM, 20, 15, 8
MM, 15, 15, 31
MM, 13, 14, 17
MM, 8, 14, 16
MM, 379, 609, 23
MM, 378, 608, 16
MM, 377, 608, 104
MM, 376, 608, 17
MM, 375, 608, 32
MM, 374, 608, 103
MM, 34, 11, 24
MM, 33, 11, 80
MM, 32, 11, 16
MM, 30, 11, 24
MM, 29, 11, 80
MM, 27, 11, 32
MC, 1, 281
MM, 28, 11, 72
MM, 33, 11, 15
MM, 4, 8, 25
MM, 16, 5, 23
MM, 24, 5, 16
MM, 5, 4, 49
MM, 10, 4, 15
MM, 13, 4, 16
MM, 16, 4, 16
MM, 21, 4, 16
MM, 24, 4, 16
MM, 26, 4, 16
MM, 29, 4, 32
MM, 460, 599, 16
MM, 13, 0, 24
MM, 488, 595, 24
MM, 494, 594, 24
MM, 495, 594, 8
MM, 496, 594, 16
MM, 496, 593, 80
MM, 497, 592, 8
MM, 3, 30, 8
MM, 4, 29, 24
MM, 4, 28, 16
MM, 4, 26, 24
MM, 4, 25, 25
MM, 4, 24, 40
MM, 4, 21, 15
MM, 4, 18, 17
MM, 5, 17, 8
MM, 6, 17, 97
MC, 1, 135
MM, 7, 18, 104
MM, 9, 24, 17
MM, 6, 0, 23
MM, 10, 23, 40
MM, 22, 4, 32
MM, 22, 10, 33
MM, 23, 18, 23
MM, 23, 22, 16
MM, 511, 665, 23
MM, 111, 4, 32
MM, 112, 6, 17
MM, 112, 9, 72
MM, 113, 16, 24
MM, 114, 16, 32
MC, 1, 432
MM, 114, 15, 72
MM, 514, 670, 32
MM, 33, 3, 31
MM, 34, 24, 33
MM, 8, 11, 31
MM, 9, 30, 32
MM, 20, 24, 32
MM, 21, 24, 57
MM, 22, 24, 16
MM, 27, 21, 49
MM, 30, 19, 23
MM, 31, 19, 9
MM, 32, 19, 87
MM, 33, 18, 16
MM, 34, 18, 40
MM, 605, 578, 24
MM, 0, 18, 32
MM, 11, 18, 32
MC, 1, 344
MM, 8, 18, 56
MM, 0, 18, 40
MM, 26, 20, 32
MM, 552, 592, 49
MM, 31, 0, 39
MM, 14, 5, 32
MM, 495, 608, 25
MM, 20, 14, 32
MM, 11, 17, 32
MM, 12, 24, 31
MM, 13, 29, 33
MM, 7, 30, 15
MM, 5, 30, 40
MM, 3, 30, 25
MM, 376, 626, 32
MM, 29, 27, 32
MM, 26, 25, 39
MM, 26, 24, 57
MM, 25, 23, 71
MM, 25, 21, 16
MM, 23, 20, 25
MM, 24, 20, 183
MM, 27, 20, 25
MM, 375, 617, 32
MM, 10, 19, 32
MM, 23, 18, 23
MM, 27, 18, 16
MM, 28, 18, 24
MM, 28, 17, 72
MC, 1, 255
MM, 30, 18, 121
MM, 418, 623, 17
MM, 26, 8, 39
MM, 2, 26, 32
MM, 458, 669, 32
MM, 60, 0, 41
MM, 62, 4, 41
MM, 64, 7, 30
MM, 64, 8, 72
MC, 1, 232
MM, 64, 4, 120
MM, 18, 23, 23
MM, 473, 633, 32
MM, 21, 9, 32
MM, 22, 6, 24
MM, 22, 5, 24
MM, 22, 4, 48
MM, 21, 4, 16
MM, 20, 3, 25
MM, 19, 3, 71
MM, 19, 2, 16
MM, 16, 0, 41
MM, 474, 594, 24
MM, 14, 30, 25
MM, 10, 26, 31
MM, 9, 24, 24
MM, 11, 24, 367
MM, 20, 26, 41
MM, 29, 29, 32
MM, 492, 592, 24
MM, 497, 594, 25
MM, 6, 1, 39
MM, 16, 4, 32
MM, 18, 5, 16
MM, 19, 5, 128
MM, 21, 5, 40
MM, 26, 6, 23
MM, 33, 6, 32
MM, 535, 604, 48
MM, 9, 10, 73
MM, 10, 10, 103
MC, 1, 193
MM, 11, 10, 105
MM, 13, 6, 23
MM, 15, 4, 40
MM, 569, 592, 24
MM, 19, 24, 31
MM, 20, 24, 41
MM, 23, 22, 48
MM, 24, 22, 32
MM, 606, 578, 39
MM, 9, 14, 24
MC, 1, 337
MM, 8, 14, 88
MM, 2, 14, 24
MM, 26, 14, 40
MM, 11, 14, 32
MM, 24, 14, 32
MM, 19, 14, 32
MM, 489, 573, 40
MM, 27, 12, 32
MM, 15, 11, 40
MM, 14, 11, 8
MC, 1, 376
MM, 16, 11, 88
MM, 22, 11, 23
MM, 493, 574, 41
MM, 17, 15, 55
MM, 18, 15, 16
MM, 19, 15, 49
MC, 1, 217
MM, 20, 15, 103
MM, 24, 15, 16
MM, 30, 15, 41
MM, 528, 575, 23
MM, 1, 16, 48
MM, 3, 16, 40
MC, 1, 176
MM, 3, 17, 168
MM, 8, 22, 24
MM, 542, 593, 25
MM, 6, 12, 23
MM, 6, 23, 24
MM, 6, 30, 24
MM, 17, 0, 24
MM, 17, 14, 32
MM, 17, 18, 24
MM, 17, 19, 9
MM, 17, 20, 55
MM, 16, 24, 16
MM, 16, 25, 112
MM, 15, 27, 32
MM, 14, 29, 16
MM, 541, 665, 16
MM, 541, 668, 16
MM, 540, 669, 17
MP, 1, 150
MR, 1, 137
MC, 1, 0
MM, 540, 667, 631
MM, 13, 30, 25
MM, 569, 640, 55
MM, 19, 24, 32
MM, 1, 14, 24
MM, 13, 7, 40
MM, 29, 0, 16
MM, 24, 30, 25
MM, 9, 22, 32
MM, 10, 21, 23
MM, 11, 21, 25
MM, 25, 16, 23
MM, 740, 570, 24
MM, 758, 567, 25
MM, 759, 567, 71
MM, 760, 566, 17
MM, 762, 566, 7
MM, 770, 562, 24
MM, 780, 560, 16
MM, 794, 554, 24
MM, 766, 540, 1696
MM, 25, 18, 25
MM, 663, 554, 31
MM, 633, 559, 16
MM, 605, 565, 17
MM, 568, 573, 23
MM, 24, 16, 16
MM, 2, 18, 32
MM, 529, 578, 25
MM, 528, 578, 7
MM, 27, 18, 49
MM, 15, 19, 24
MM, 14, 19, 103
MC, 1, 305
MM, 15, 19, 48
MM, 29, 27, 24
MM, 532, 592, 24
MM, 536, 594, 24
MM, 538, 595, 16
MM, 4, 1, 24
MM, 17, 12, 24
MM, 22, 17, 16
MM, 24, 19, 16
MC, 1, 335
MM, 23, 19, 40
MM, 21, 18, 24
MM, 18, 17, 24
MM, 12, 14, 25
MM, 6, 11, 23
MM, 0, 10, 16
MM, 537, 606, 16
MM, 33, 6, 16
MM, 21, 2, 17
MM, 510, 594, 24
MM, 509, 594, 8
MM, 507, 593, 48
MM, 505, 592, 16
MM, 504, 592, 17
MM, 507, 591, 142
MM, 519, 591, 16
MM, 524, 591, 9
MM, 2, 30, 15
MM, 6, 30, 8
MM, 8, 30, 8
MM, 14, 30, 16
MM, 17, 30, 8
MM, 21, 30, 16
MM, 22, 30, 8
MM, 25, 30, 8
MM, 29, 30, 24
MM, 564, 589, 16
MM, 565, 588, 64
MM, 1, 27, 17
MM, 5, 26, 7
MM, 8, 25, 8
MM, 10, 25, 17
MM, 10, 24, 32
MM, 11, 24, 16
MM, 12, 23, 7
MM, 19, 21, 16
MM, 24, 20, 8
MM, 29, 18, 17
MM, 33, 16, 16
MM, 34, 16, 16
MM, 605, 576, 103
MM, 606, 576, 40
MM, 607, 576, 17
MM, 608, 575, 32
MM, 609, 575, 15
MM, 610, 575, 8
MM, 1, 15, 16
MM, 5, 14, 24
MM, 6, 14, 8
MC, 1, 241
MM, 4, 14, 89
MM, 608, 574, 23
MM, 29, 16, 25
MM, 569, 577, 39
MM, 23, 17, 16
MM, 12, 17, 40
MM, 11, 17, 8
MM, 1, 17, 48
MM, 26, 17, 41
MM, 24, 17, 23
MM, 23, 17, 41
MM, 8, 17, 48
MM, 2, 16, 23
MM, 493, 575, 56
MM, 26, 15, 48
MM, 23, 15, 24
MM, 20, 14, 32
MC, 1, 217
MM, 21, 14, 103
MM, 28, 14, 33
MM, 22, 14, 47
MM, 26, 14, 16
MC, 1, 320
MM, 27, 14, 184
MM, 528, 574, 17
MM, 5, 15, 23
MM, 8, 16, 32
MC, 1, 232
MM, 8, 17, 136
MM, 539, 597, 25
MM, 530, 630, 40
MM, 524, 651, 31
MM, 521, 667, 32
MM, 119, 1, 26
MM, 119, 2, 501
MM, 119, 9, 24
MC, 1, 304
MM, 117, 9, 88
MM, 505, 665, 33
MM, 3, 16, 47
MM, 485, 645, 25
MM, 30, 5, 40
MM, 27, 1, 40
MM, 475, 632, 16
MM, 10, 29, 33
MM, 9, 27, 6
MC, 1, 337
MM, 11, 26, 79
MM, 17, 24, 16
MM, 25, 21, 16
MM, 0, 18, 16
MM, 11, 15, 16
MM, 16, 13, 17
MM, 23, 12, 24
MM, 25, 10, 16
MM, 34, 7, 23
MM, 537, 603, 25
MM, 538, 602, 16
MM, 1, 4, 23
MM, 13, 1, 24
MM, 560, 595, 24
MM, 561, 595, 25
MM, 563, 594, 39
MM, 569, 591, 16
MM, 10, 27, 25
MM, 11, 27, 39
MM, 12, 27, 25
MM, 15, 27, 16
MM, 31, 26, 23
MM, 1, 25, 25
MM, 3, 25, 7
MM, 3, 24, 25
MM, 4, 24, 87
MM, 6, 23, 24
MM, 8, 20, 16
MM, 10, 19, 16
MM, 11, 19, 128
MC, 1, 104
MM, 10, 19, 105
MM, 4, 21, 32
MM, 32, 27, 32
MM, 11, 13, 55
MM, 12, 5, 58
MM, 484, 646, 38
MM, 26, 15, 32
MM, 18, 17, 25
MM, 16, 17, 8
MM, 16, 18, 55
MM, 15, 18, 56
MM, 14, 18, 16
MC, 1, 249
MM, 12, 16, 64
MM, 26, 26, 34
MM, 16, 7, 22
MM, 429, 595, 32
MM, 426, 592, 16
MM, 425, 591, 32
MM, 7, 30, 32
MM, 5, 29, 32
MM, 5, 28, 48
MM, 5, 27, 16
MM, 4, 19, 32
MM, 4, 17, 25
MM, 5, 17, 151
MC, 1, 121
MM, 6, 17, 71
MM, 16, 27, 40
MM, 21, 6, 23
MM, 11, 10, 48
MM, 19, 27, 24
MM, 75, 3, 33
MM, 76, 7, 24
MM, 77, 8, 48
MM, 78, 10, 64
MC, 1, 256
MM, 79, 10, 80
MM, 84, 9, 32
MM, 538, 665, 47
MM, 11, 22, 41
MM, 15, 21, 32
MM, 16, 20, 120
MM, 21, 19, 25
MM, 23, 18, 23
MC, 1, 272
MM, 23, 17, 47
MM, 22, 9, 41
MM, 591, 629, 32
MM, 10, 22, 31
MM, 13, 13, 33
MM, 15, 9, 23
MM, 23, 2, 24
MM, 25, 1, 24
MM, 26, 0, 17
MM, 28, 0, 32
MM, 616, 594, 25
MM, 622, 592, 23
MM, 622, 591, 184
MM, 11, 29, 128
MM, 11, 26, 33
MM, 11, 25, 15
MC, 1, 280
MM, 15, 26, 55
MM, 22, 28, 24
MM, 636, 591, 16
MM, 640, 592, 41
MM, 643, 594, 24
MM, 645, 595, 41
MM, 646, 596, 79
MM, 648, 596, 16
MM, 652, 599, 49
MM, 654, 601, 23
MM, 2, 10, 32
MM, 3, 11, 8
MM, 4, 11, 24
MC, 1, 288
MM, 3, 11, 80
MM, 652, 608, 48
MM, 12, 10, 64
MM, 17, 9, 32
MM, 0, 5, 40
MM, 7, 3, 40
MM, 22, 2, 32
MM, 3, 0, 41
MM, 461, 596, 15
MM, 458, 596, 24
MM, 457, 596, 41
MM, 457, 595, 23
MM, 456, 595, 32
MM, 451, 594, 41
MM, 449, 593, 15
MM, 444, 592, 32
MM, 10, 26, 32
MM, 8, 25, 24
MM, 8, 24, 184
MC, 1, 200
MM, 8, 25, 152
MM, 7, 26, 48
MM, 2, 30, 24
MM, 416, 591, 8
MM, 414, 592, 55
MM, 30, 0, 24
MM, 29, 2, 81
MM, 26, 5, 23
MM, 26, 6, 8
MM, 25, 8, 49
MM, 19, 16, 16
MM, 18, 17, 16
MC, 1, 257
MM, 20, 17, 119
MM, 25, 18, 16
MM, 419, 618, 24
MM, 5, 3, 32
MM, 483, 655, 48
MM, 484, 656, 32
MM, 485, 657, 24
MM, 486, 657, 16
MM, 486, 658, 48
MM, 0, 26, 24
MM, 492, 667, 32
MM, 494, 669, 23
MM, 494, 670, 17
MM, 96, 6, 63
MM, 97, 12, 40
MM, 99, 11, 392
MM, 104, 2, 24
MM, 512, 666, 17
MM, 528, 655, 24
MM, 13, 16, 24
MM, 24, 12, 23
MM, 30, 9, 25
MM, 9, 2, 32
MM, 25, 30, 31
MM, 615, 623, 40
MM, 616, 623, 33
MM, 3, 26, 26
MM, 28, 27, 22
MM, 33, 27, 16
MM, 652, 624, 24
MM, 654, 624, 152
MM, 655, 624, 8
MM, 655, 623, 24
MM, 655, 622, 64
MM, 0, 22, 25
MM, 1, 19, 23
MM, 2, 17, 32
MM, 2, 16, 48
MM, 3, 16, 136
MC, 1, 128
MM, 3, 15, 81
MM, 3, 9, 32
MM, 2, 2, 32
MM, 659, 592, 32
MM, 14, 16, 39
MM, 15, 12, 24
MM, 16, 13, 368
MM, 9, 18, 40
MM, 5, 22, 24
MM, 1, 24, 24
MM, 646, 587, 16
MM, 632, 596, 32
MM, 614, 605, 32
MM, 24, 13, 25
MM, 10, 18, 31
MM, 5, 20, 33
MM, 0, 22, 24
MM, 32, 26, 31
MM, 21, 30, 32
MM, 555, 630, 32
MM, 551, 632, 32
MM, 19, 0, 16
MM, 18, 0, 16
MM, 17, 1, 40
MM, 17, 3, 104
MM, 16, 8, 25
MM, 16, 12, 16
MM, 16, 14, 31
MM, 16, 15, 160
MC, 1, 145
MM, 13, 14, 64
MM, 9, 7, 23
MM, 30, 28, 32
MM, 27, 24, 24
MM, 26, 23, 16
MM, 24, 21, 32
MM, 22, 20, 31
MM, 21, 19, 17
MM, 20, 19, 40
MM, 20, 18, 25
MM, 20, 17, 38
MM, 19, 16, 16
MC, 1, 192
MM, 21, 16, 64
MM, 534, 617, 25
MM, 9, 23, 23
MM, 34, 27, 32
MM, 601, 630, 32
MM, 621, 633, 25
MM, 18, 1, 23
MM, 21, 1, 17
MM, 22, 1, 32
MM, 23, 1, 24
MM, 24, 1, 16
MM, 26, 2, 24
MM, 28, 2, 24
MM, 29, 3, 24
MM, 30, 3, 16
MM, 647, 639, 24
MM, 650, 642, 32
MM, 0, 10, 16
MM, 0, 11, 48
MM, 1, 13, 24
MM, 4, 16, 16
MM, 5, 18, 15
MM, 5, 19, 17
MM, 6, 19, 112
MM, 7, 18, 295
MM, 7, 16, 8
MM, 8, 13, 25
MM, 14, 8, 17
MM, 17, 6, 7
MM, 28, 1, 16
MM, 690, 630, 16
MM, 707, 627, 16
MM, 723, 625, 16
MM, 736, 624, 24
MM, 750, 624, 23
MM, 762, 624, 24
MM, 764, 624, 8
MM, 765, 624, 88
MM, 766, 624, 16
MM, 767, 624, 24
MM, 1, 13, 16
MM, 11, 16, 16
MM, 26, 19, 24
MM, 30, 20, 17
MM, 30, 21, 64
MM, 31, 21, 48
MM, 32, 21, 128
