**********************************
LOGGING TIME: 20171023_134859
CLIENT IP: 10.105.66.73
USERNAME: sandeep2103
OS: Windows 10
*********************Neutral database**********************************
MM, 25, 26, 1507533521772
MM, 93, 33, 13
MM, 50, 12, 370
MM, 50, 17, 13
MM, 50, 19, 12
MM, 50, 20, 13
MM, 50, 21, 7588
MM, 50, 22, 48
MM, 56, 26, 37
MM, 27, 5, 98
MM, 40, 9, 13
MM, 50, 14, 13
MM, 59, 19, 12
MC, 1, 1520
MM, 141, 25, 11355
MC, 1, 1494
MC, 1, 778
MM, 348, 5, 13282
MM, 337, 14, 12
MM, 326, 22, 12
MM, 315, 27, 12
MM, 310, 30, 13
MM, 308, 31, 14
MM, 307, 31, 11
MC, 1, 185
MM, 305, 32, 334
MM, 299, 34, 12
MM, 253, 56, 48
MM, 27, 1, 631
MM, 27, 0, 543
MC, 1, 544
MM, 10, 15, 308
MP, 1, 211
MR, 1, 61
MC, 1, 0
MM, 43, 30, 62
MM, 42, 30, 25
MM, 41, 30, 50
MM, 39, 29, 25
MM, 38, 27, 12
MM, 37, 24, 16
MM, 33, 20, 35
MC, 1, 124
MM, 27, 20, 108
MM, 19, 20, 15
MM, 10, 20, 10
MM, 36, 22, 13
MM, 6, 18, 24
MC, 1, 939
MC, 1, 321
MM, 0, 1, 136
MM, 11, 11, 40
MM, 29, 30, 35
MM, 123, 0, 23
MM, 127, 8, 38
MM, 127, 10, 12
MM, 129, 13, 26
MM, 130, 15, 12
MM, 130, 17, 11
MM, 131, 17, 13
MM, 131, 20, 12
MM, 133, 22, 16
MM, 133, 24, 9
MM, 134, 25, 27
MC, 1, 159
MM, 133, 25, 99
MM, 127, 21, 11
MM, 109, 9, 15
MM, 31, 21, 24
MM, 40, 5, 23
MM, 42, 30, 260
MM, 35, 28, 11
MM, 26, 23, 26
MM, 24, 21, 12
MM, 24, 20, 13
MM, 23, 19, 13
MC, 1, 197
MM, 24, 19, 50
MM, 25, 19, 14
MM, 27, 16, 23
MM, 35, 13, 12
MC, 1, 605
MC, 1, 643
MM, 10, 3, 198
MM, 3, 25, 63
MM, 99, 19, 35
MM, 100, 24, 38
MM, 100, 25, 60
MM, 100, 28, 15
MM, 100, 31, 10
MM, 100, 35, 27
MM, 100, 36, 12
MC, 1, 122
MM, 99, 36, 124
MM, 94, 33, 12
MM, 89, 29, 11
MM, 84, 25, 13
MM, 78, 20, 13
MM, 71, 15, 12
MM, 54, 10, 12
MM, 15, 29, 38
MM, 34, 15, 27
MM, 29, 11, 22
MM, 29, 10, 26
MM, 29, 9, 23
MM, 29, 8, 50
MM, 29, 7, 14
MM, 29, 1, 23
MM, 26, 31, 12
MM, 20, 17, 28
MM, 19, 11, 21
MM, 18, 11, 13
MC, 1, 172
MM, 22, 8, 99
MM, 31, 3, 13
MM, 35, 0, 14
MC, 1, 334
MM, 25, 3, 172
MM, 39, 13, 26
MM, 41, 17, 12
MM, 42, 21, 10
MM, 43, 30, 26
MM, 42, 0, 27
MM, 38, 13, 24
MM, 37, 13, 11
MM, 36, 15, 23
MM, 34, 15, 13
MM, 32, 15, 25
MM, 31, 15, 13
MM, 30, 15, 36
MM, 30, 16, 12
MC, 1, 99
MM, 29, 15, 62
MM, 28, 14, 14
MM, 25, 13, 11
MM, 19, 8, 11
MM, 10, 1, 14
MM, 42, 19, 25
MM, 36, 13, 25
MM, 34, 12, 14
MM, 33, 12, 10
MM, 33, 11, 123
MM, 33, 10, 112
MM, 31, 7, 11
MM, 29, 5, 15
MM, 26, 1, 10
MC, 1, 358
MM, 23, 14, 176
MM, 2, 12, 52
MM, 10, 17, 20
MM, 11, 18, 40
MM, 11, 19, 58
MM, 12, 19, 37
MM, 14, 19, 38
MM, 15, 19, 13
MM, 14, 19, 36
MM, 13, 19, 12
MM, 4, 20, 62
MM, 0, 20, 13
MP, 1, 98
MR, 1, 86
MC, 1, 0
MM, 41, 20, 88
MM, 39, 20, 12
MM, 34, 23, 24
MM, 31, 25, 13
MM, 28, 26, 12
MM, 26, 26, 13
MM, 25, 26, 24
MM, 26, 26, 74
MM, 27, 25, 12
MC, 1, 135
MM, 27, 26, 162
MM, 26, 29, 11
MM, 143, 31, 100
MM, 142, 33, 12
MM, 142, 34, 28
MM, 142, 32, 280
MM, 142, 31, 26
MM, 142, 29, 24
MM, 140, 27, 13
MM, 40, 15, 136
MM, 37, 10, 14
MM, 31, 8, 23
MM, 29, 8, 12
MM, 27, 8, 13
MM, 25, 8, 12
MM, 9, 3, 113
MM, 9, 4, 109
MM, 9, 5, 13
MM, 10, 6, 12
MM, 11, 7, 12
MM, 12, 8, 14
MM, 13, 9, 11
MM, 13, 10, 24
MM, 14, 10, 62
MM, 16, 10, 14
MM, 23, 10, 11
MM, 28, 9, 13
MM, 31, 9, 11
MM, 34, 9, 13
MM, 35, 9, 16
MM, 38, 9, 343
MM, 43, 9, 12
MM, 0, 9, 12
MM, 22, 8, 28
MM, 23, 6, 22
MM, 19, 3, 37
MM, 13, 0, 38
MM, 2, 31, 196
MM, 4, 29, 16
MM, 8, 27, 24
MM, 12, 21, 47
MM, 15, 17, 12
MM, 18, 13, 12
MM, 19, 11, 13
MM, 19, 9, 13
MM, 19, 7, 24
MM, 18, 5, 24
MM, 17, 2, 13
MM, 15, 1, 12
MM, 34, 28, 62
MM, 33, 26, 27
MM, 32, 26, 71
MM, 31, 26, 37
MM, 29, 25, 25
MM, 28, 24, 12
MM, 26, 23, 13
MM, 25, 23, 25
MM, 24, 23, 12
MM, 23, 24, 163
MM, 22, 26, 23
MM, 22, 3, 62
MM, 35, 23, 37
MM, 43, 29, 74
MM, 36, 31, 56
MM, 35, 31, 18
MM, 34, 31, 15
MM, 29, 31, 34
MM, 26, 31, 25
MM, 25, 31, 24
MM, 24, 31, 38
MM, 24, 30, 24
MM, 24, 29, 13
MC, 1, 88
MM, 24, 28, 257
MM, 20, 24, 13
MM, 39, 22, 74
MM, 39, 21, 24
MM, 37, 19, 50
MM, 33, 8, 25
MM, 31, 3, 12
MM, 29, 0, 12
MC, 1, 272
MM, 4, 24, 111
MM, 0, 21, 113
MM, 1, 21, 27
MM, 1, 20, 243
MM, 1, 19, 74
MC, 1, 63
MM, 1, 20, 50
MM, 0, 21, 36
MM, 37, 30, 25
MM, 10, 11, 25
MM, 42, 26, 98
MM, 24, 0, 76
MM, 24, 1, 10
MM, 23, 1, 38
MC, 1, 110
MM, 22, 1, 99
MM, 21, 2, 26
MM, 18, 3, 11
MM, 13, 5, 12
MM, 8, 7, 12
MM, 3, 7, 14
MM, 34, 3, 24
MM, 43, 22, 28
MM, 6, 31, 107
MC, 1, 471
MM, 43, 10, 162
MM, 25, 7, 50
MM, 36, 22, 23
MM, 40, 27, 23
MM, 41, 29, 14
MM, 41, 27, 61
MM, 41, 26, 12
MM, 41, 25, 24
MM, 41, 24, 26
MM, 41, 23, 13
MM, 41, 22, 24
MM, 36, 21, 234
MM, 33, 20, 16
MM, 31, 19, 10
MM, 27, 17, 12
MM, 19, 12, 13
MM, 0, 2, 11
MM, 17, 6, 25
MC, 1, 618
MM, 26, 1, 185
MM, 18, 3, 14
MM, 3, 6, 36
MM, 1, 6, 11
MM, 41, 12, 39
MM, 29, 17, 23
MM, 25, 18, 13
MM, 22, 18, 14
MM, 21, 18, 23
MM, 20, 18, 12
MM, 17, 18, 24
MM, 14, 18, 13
MM, 9, 17, 29
MM, 9, 16, 20
MM, 8, 16, 14
MM, 7, 16, 24
MM, 2, 16, 24
MM, 38, 19, 25
MM, 33, 20, 26
MM, 32, 20, 11
MM, 31, 20, 13
MM, 30, 20, 24
MC, 1, 173
MM, 31, 20, 37
MM, 32, 20, 51
MM, 34, 21, 23
MM, 40, 21, 13
MM, 7, 22, 24
MM, 18, 22, 13
MM, 41, 28, 26
MM, 4, 2, 25
MM, 92, 2, 49
MM, 104, 12, 24
MM, 105, 13, 25
MM, 105, 14, 11
MM, 106, 14, 26
MM, 107, 15, 74
MM, 107, 17, 11
MM, 108, 18, 12
MM, 109, 20, 15
MM, 109, 22, 10
MC, 1, 1137
MM, 109, 21, 235
MM, 105, 18, 12
MM, 87, 4, 12
MM, 23, 23, 14
MM, 6, 22, 26
MM, 14, 2, 49
MM, 41, 1, 183
MM, 40, 1, 13
MM, 39, 2, 12
MM, 37, 3, 25
MM, 35, 5, 26
MM, 34, 6, 11
MM, 31, 10, 12
MM, 24, 19, 12
MM, 18, 28, 27
MM, 17, 29, 10
MM, 16, 29, 25
MM, 19, 29, 136
MM, 20, 29, 25
MM, 21, 29, 12
MM, 22, 29, 12
MM, 25, 29, 25
MM, 31, 28, 12
MM, 13, 20, 26
MM, 41, 17, 26
MM, 27, 4, 60
MM, 6, 20, 49
MM, 25, 26, 38
MM, 26, 27, 23
MM, 25, 27, 101
MM, 24, 27, 11
MM, 23, 27, 38
MM, 21, 27, 160
MM, 19, 27, 14
MM, 16, 26, 11
MM, 11, 23, 12
MM, 21, 6, 25
MM, 43, 19, 37
MM, 28, 18, 27
MM, 25, 17, 22
MM, 24, 17, 13
MM, 23, 17, 64
MM, 22, 17, 22
MM, 21, 16, 12
MM, 20, 16, 13
MC, 1, 124
MM, 21, 16, 37
MM, 22, 18, 36
MM, 23, 22, 14
MM, 26, 27, 11
MM, 42, 9, 25
MM, 58, 9, 50
MM, 61, 11, 24
MM, 62, 11, 51
MM, 62, 12, 35
MC, 1, 137
MM, 62, 11, 48
MM, 62, 10, 14
MM, 62, 5, 11
MM, 21, 29, 27
MM, 21, 3, 24
MM, 20, 20, 24
MM, 20, 15, 37
MC, 1, 173
MM, 22, 15, 61
MM, 29, 14, 13
MM, 39, 10, 13
MM, 1, 6, 11
MM, 27, 13, 39
MM, 8, 0, 36
MM, 43, 0, 246
MM, 1, 4, 27
MM, 10, 9, 48
MM, 11, 9, 26
MM, 12, 9, 11
MC, 1, 173
MM, 11, 9, 24
MM, 7, 11, 37
MM, 34, 18, 25
MM, 35, 1, 186
MM, 26, 7, 11
MM, 19, 16, 13
MM, 43, 5, 61
MM, 38, 9, 26
MM, 34, 11, 11
MM, 31, 15, 12
MM, 26, 22, 13
MM, 58, 0, 38
MM, 57, 1, 11
MM, 57, 2, 25
MM, 17, 31, 285
MM, 17, 30, 25
MM, 17, 29, 13
MM, 17, 28, 122
MM, 18, 28, 62
MM, 19, 27, 50
MM, 20, 26, 11
MM, 22, 25, 13
MM, 22, 24, 12
MM, 23, 24, 13
MM, 24, 23, 12
MM, 25, 23, 25
MM, 26, 23, 36
MM, 26, 22, 26
MM, 29, 20, 98
MM, 31, 17, 12
MM, 36, 14, 12
MM, 16, 1, 25
MM, 37, 10, 28
MM, 4, 7, 801
MM, 118, 3, 37
MM, 64, 21, 26
MM, 45, 24, 23
MM, 43, 24, 12
MM, 41, 23, 12
MM, 41, 22, 13
MM, 44, 18, 25
MM, 46, 14, 12
MM, 12, 31, 38
MM, 13, 27, 24
MM, 13, 25, 12
MM, 14, 25, 28
MM, 14, 24, 10
MM, 15, 24, 26
MM, 17, 23, 36
MM, 19, 21, 11
MM, 20, 20, 13
MC, 1, 148
MM, 19, 20, 74
MM, 18, 19, 37
MM, 17, 19, 12
MM, 16, 16, 12
MM, 13, 11, 14
MM, 6, 2, 13
MM, 43, 25, 23
MM, 32, 5, 24
MC, 1, 273
MM, 30, 0, 123
MM, 1, 29, 40
MM, 9, 3, 24
MM, 15, 11, 37
MM, 19, 16, 23
MM, 20, 20, 13
MM, 23, 24, 14
MM, 26, 29, 11
MM, 75, 5, 24
MM, 80, 13, 26
MM, 83, 16, 24
MM, 83, 17, 25
MC, 1, 135
MM, 84, 17, 50
MM, 87, 16, 49
MM, 91, 8, 15
MM, 102, 1, 11
MM, 25, 30, 11
MM, 23, 5, 38
MM, 28, 0, 36
MM, 25, 22, 38
MM, 32, 20, 39
MM, 33, 20, 34
MM, 33, 19, 63
MM, 33, 18, 61
MM, 35, 18, 37
MM, 0, 18, 86
MM, 2, 18, 25
MC, 1, 147
MM, 0, 18, 137
MM, 29, 28, 25
MM, 25, 17, 25
MM, 6, 14, 25
MM, 23, 27, 52
MM, 20, 28, 34
MM, 84, 4, 38
MM, 34, 22, 25
MM, 5, 28, 22
MM, 0, 28, 13
MM, 5, 31, 163
MM, 5, 30, 24
MM, 5, 29, 12
MM, 5, 26, 25
MM, 5, 21, 11
MM, 5, 13, 13
MM, 7, 4, 24
MM, 7, 1, 12
MC, 1, 161
MM, 8, 1, 25
MM, 8, 25, 271
MM, 8, 11, 25
MM, 8, 6, 14
MM, 8, 1, 12
MC, 1, 307
MM, 15, 1, 137
MM, 40, 5, 37
MM, 37, 5, 12
MM, 36, 5, 25
MM, 35, 5, 12
MC, 1, 198
MM, 36, 5, 12
MM, 37, 6, 64
MM, 38, 6, 10
MM, 40, 7, 24
MM, 4, 10, 27
MM, 28, 18, 25
MM, 13, 6, 35
MM, 29, 18, 26
MM, 8, 19, 38
MM, 15, 19, 38
MM, 16, 19, 35
MM, 17, 19, 24
MM, 21, 19, 24
MM, 23, 19, 14
MM, 26, 20, 15
MM, 27, 20, 9
MM, 27, 21, 24
MM, 26, 21, 26
MM, 25, 21, 24
MM, 24, 21, 24
MM, 22, 21, 137
MM, 21, 21, 12
MM, 18, 19, 25
MM, 31, 3, 38
MP, 1, 617
MR, 1, 111
MM, 18, 1, 12
MC, 1, 396
MM, 21, 5, 284
MM, 27, 11, 12
MM, 36, 17, 12
MM, 8, 30, 25
MM, 23, 6, 26
MM, 5, 24, 39
MM, 14, 27, 22
MM, 17, 27, 13
MM, 19, 28, 12
MM, 23, 31, 23
MM, 79, 1, 39
MM, 87, 3, 37
MM, 88, 3, 12
MM, 88, 3, 271
MM, 91, 3, 24
MM, 93, 2, 13
MM, 33, 17, 25
MM, 38, 23, 24
MM, 14, 16, 38
MM, 30, 2, 283
MM, 28, 6, 12
MM, 27, 9, 14
MM, 27, 10, 23
MM, 26, 10, 26
MC, 1, 147
MM, 26, 11, 75
MM, 24, 11, 12
MM, 9, 22, 25
MM, 20, 6, 27
MM, 37, 27, 23
MM, 21, 0, 64
MM, 17, 2, 36
MM, 16, 3, 28
MM, 15, 3, 45
MM, 14, 4, 13
MM, 14, 5, 11
MC, 1, 136
MM, 14, 6, 98
MM, 14, 7, 13
MM, 14, 10, 12
MM, 14, 13, 12
MM, 14, 19, 26
MM, 14, 22, 11
MM, 147, 0, 61
MM, 147, 1, 13
MM, 144, 1, 347
MM, 143, 2, 13
MM, 142, 2, 12
MM, 141, 1, 37
MM, 39, 21, 24
MM, 31, 9, 13
MM, 16, 8, 24
MC, 1, 360
MM, 35, 1, 122
MM, 4, 8, 26
MM, 18, 12, 39
MM, 19, 12, 10
MM, 16, 12, 234
MM, 15, 12, 13
MM, 9, 12, 24
MM, 3, 10, 13
MC, 1, 556
MM, 39, 1, 396
MM, 10, 9, 50
MM, 17, 31, 37
MM, 59, 1, 146
MM, 59, 2, 26
MM, 59, 3, 12
MM, 59, 6, 74
MM, 59, 8, 12
MM, 59, 10, 13
MM, 59, 11, 24
MM, 59, 12, 25
MM, 59, 13, 14
MM, 59, 14, 10
MM, 59, 15, 13
MM, 59, 16, 37
MC, 1, 99
MM, 58, 16, 61
MM, 49, 7, 13
MM, 38, 24, 26
MM, 40, 9, 23
MC, 1, 335
MM, 12, 12, 198
MM, 25, 12, 36
MM, 0, 13, 260
MM, 1, 13, 36
MM, 0, 12, 272
MM, 30, 12, 36
MM, 37, 12, 26
MC, 1, 357
MM, 20, 10, 149
MM, 28, 27, 27
MM, 30, 5, 37
MM, 0, 11, 37
MM, 12, 12, 51
MM, 17, 11, 20
MM, 19, 10, 13
MM, 19, 9, 38
MM, 19, 8, 24
MM, 19, 7, 25
MM, 20, 1, 48
MP, 1, 149
MR, 1, 87
MC, 1, 0
MM, 18, 30, 136
MM, 17, 29, 13
MM, 15, 27, 24
MM, 14, 26, 12
MM, 13, 26, 13
MM, 11, 26, 161
MM, 10, 26, 35
MM, 9, 26, 13
MM, 8, 26, 13
MM, 32, 26, 37
MM, 23, 26, 26
MM, 18, 3, 49
MM, 40, 16, 49
MM, 33, 18, 26
MM, 24, 19, 24
MM, 11, 19, 12
MM, 34, 11, 24
MM, 24, 25, 25
MM, 36, 15, 38
MM, 33, 12, 64
MM, 33, 11, 59
MM, 33, 10, 24
MM, 34, 10, 13
MM, 34, 9, 25
MM, 35, 8, 13
MM, 36, 8, 11
MM, 39, 8, 24
MM, 41, 8, 28
MM, 42, 8, 10
MM, 0, 9, 29
MM, 15, 12, 35
MM, 26, 14, 22
MM, 27, 14, 24
MC, 1, 151
MM, 29, 14, 344
MM, 36, 14, 12
MM, 14, 17, 25
MM, 32, 26, 25
MM, 20, 9, 38
MM, 4, 18, 50
MM, 14, 20, 39
MM, 16, 20, 21
MM, 17, 20, 13
MM, 18, 20, 25
MM, 20, 19, 11
MM, 24, 19, 13
MM, 34, 19, 11
MM, 2, 18, 38
MM, 6, 18, 13
MM, 10, 17, 36
MM, 11, 17, 27
MM, 12, 17, 23
MM, 12, 16, 27
MC, 1, 110
MM, 13, 16, 419
MM, 21, 16, 13
MM, 30, 16, 11
MM, 40, 16, 13
MM, 16, 7, 25
MM, 32, 7, 13
MM, 47, 6, 12
MM, 123, 3, 19293
MM, 118, 6, 26
MM, 118, 11, 36
MM, 118, 14, 272
MM, 122, 19, 13
MM, 128, 26, 11
MM, 140, 34, 13
MM, 165, 49, 12
MM, 29, 10, 37
MM, 33, 24, 52
MM, 27, 2, 467
MM, 27, 15, 25
MM, 27, 18, 25
MM, 27, 19, 12
