**********************************
LOGGING TIME: 20171101_203859
CLIENT IP: 10.102.35.184
USERNAME: sandeep2103
OS: Windows 10
*********************Neutral database**********************************
MM, 91, 33, 1507533520878
MM, 119, 19, 876
MM, 85, 20, 38
MM, 81, 17, 11
MM, 80, 16, 13
MM, 80, 15, 50
MM, 77, 9, 49
MM, 76, 8, 11
MM, 75, 6, 12
MC, 1, 199
MM, 79, 18, 3641
MM, 94, 2, 12
MM, 109, 30, 13
MM, 1, 19, 123
MM, 96, 1, 6517
MM, 50, 19, 13
MM, 21, 3, 11
MM, 8, 0, 223
MM, 9, 7, 13
MM, 11, 17, 11
MM, 16, 0, 25
MM, 19, 13, 12
MM, 21, 22, 12
MM, 25, 29, 13
MP, 1, 113
MR, 1, 96
MC, 1, 1
MM, 34, 30, 111
MM, 34, 27, 13
MM, 34, 24, 12
MM, 34, 23, 25
MM, 50, 22, 3271
MM, 64, 22, 12
MM, 74, 22, 12
MM, 79, 22, 13
MM, 82, 22, 12
MM, 84, 22, 12
MM, 85, 22, 25
MM, 95, 22, 100
MM, 109, 22, 12
MM, 122, 22, 12
MM, 148, 22, 12
MM, 175, 20, 13
MM, 8, 17, 12
MM, 41, 7, 13
MP, 1, 2345
MR, 1, 25
MC, 1, 0
MC, 1, 8616
MM, 109, 2, 12666
MM, 110, 4, 12
MM, 110, 7, 12
MM, 110, 11, 13
MM, 110, 13, 12
MM, 110, 16, 13
MM, 110, 17, 25
MM, 110, 18, 24
MC, 1, 160
MM, 109, 18, 383
MM, 108, 18, 25
MM, 110, 24, 50
MM, 113, 31, 12
MM, 117, 40, 12
MM, 121, 47, 12
MM, 123, 52, 13
MM, 33, 4, 25
MM, 37, 20, 11
MM, 23, 6, 50
MM, 33, 22, 25
MM, 39, 28, 14
MM, 8, 4, 36
MM, 19, 11, 11
MM, 34, 18, 13
MM, 4, 25, 25
MM, 8, 27, 12
MM, 12, 27, 12
MM, 15, 28, 13
MM, 17, 28, 12
MM, 20, 28, 13
MM, 21, 27, 11
MM, 29, 21, 49
MM, 26, 19, 38
MM, 20, 15, 13
MM, 1, 11, 11
MM, 24, 8, 13
MM, 24, 3, 13
MM, 4, 0, 25
MM, 19, 0, 36
MM, 15, 0, 25
MM, 7, 26, 37
MM, 1, 16, 15
MM, 43, 2, 22
MM, 0, 30, 396
MM, 1, 30, 12
MM, 9, 30, 85
MM, 16, 30, 13
MM, 25, 31, 11
MP, 1, 198
MR, 1, 63
MC, 1, 0
MM, 40, 4, 532
MM, 34, 20, 11
MM, 27, 1, 24
MM, 25, 4, 13
MM, 25, 5, 13
MM, 25, 4, 135
MM, 26, 1, 13
MM, 28, 28, 24
MM, 30, 23, 14
MM, 31, 18, 10
MM, 31, 15, 13
MM, 31, 13, 12
MM, 31, 12, 12
MC, 1, 186
MM, 32, 12, 98
MM, 37, 12, 13
MM, 2, 12, 12
MM, 6, 12, 25
MM, 31, 4, 62
MM, 1, 4, 13
MM, 21, 5, 24
MM, 32, 9, 25
MM, 34, 11, 13
MM, 34, 12, 11
MM, 34, 15, 136
MM, 31, 20, 13
MM, 27, 27, 11
MM, 2, 0, 25
MM, 0, 1, 27
MM, 0, 2, 11
MM, 41, 4, 235
MM, 38, 5, 12
MM, 37, 5, 12
MM, 36, 5, 12
MM, 35, 5, 13
MC, 1, 161
MM, 34, 5, 86
MM, 33, 5, 12
MM, 32, 5, 12
MM, 27, 0, 13
MM, 24, 27, 24
MM, 21, 24, 12
MM, 17, 20, 37
MC, 1, 173
MM, 15, 24, 124
MM, 43, 5, 25
MM, 37, 12, 12
MM, 32, 18, 12
MM, 30, 20, 12
MM, 29, 22, 13
MM, 28, 22, 13
MM, 27, 22, 147
MM, 25, 30, 25
MM, 24, 1, 13
MM, 21, 11, 11
MM, 19, 18, 25
MM, 19, 19, 26
MM, 19, 18, 74
MM, 19, 17, 24
MM, 19, 15, 11
MM, 20, 13, 13
MC, 1, 161
MM, 21, 12, 111
MM, 25, 7, 12
MM, 42, 27, 24
MM, 0, 16, 137
MM, 15, 0, 37
MM, 5, 26, 24
MM, 11, 22, 13
MM, 11, 0, 74
MM, 9, 0, 184
MM, 7, 2, 13
MM, 31, 6, 137
MM, 26, 6, 12
MM, 23, 7, 12
MM, 20, 7, 13
MM, 19, 7, 12
MM, 18, 8, 12
MC, 1, 135
MM, 17, 8, 99
MM, 2, 14, 38
MM, 23, 28, 11
MM, 26, 27, 26
MM, 23, 14, 37
MM, 7, 16, 12
MM, 38, 16, 25
MM, 31, 15, 25
MM, 30, 13, 12
MM, 28, 11, 12
MM, 19, 3, 49
MM, 17, 3, 13
MM, 16, 1, 12
MM, 16, 0, 13
MM, 8, 31, 98
MM, 7, 31, 13
MM, 4, 29, 11
MM, 1, 27, 15
MM, 41, 22, 35
MM, 38, 21, 12
MM, 36, 20, 12
MM, 35, 20, 13
MM, 34, 20, 14
MM, 34, 19, 10
MM, 34, 18, 25
MM, 33, 16, 37
MM, 33, 14, 13
MM, 32, 11, 12
MM, 31, 10, 13
MM, 31, 9, 12
MM, 31, 7, 13
MM, 30, 6, 11
MM, 30, 5, 13
MM, 30, 4, 12
MC, 1, 111
MM, 32, 4, 209
MM, 34, 4, 13
MM, 37, 6, 13
MM, 41, 13, 12
MM, 5, 2, 62
MM, 8, 3, 13
MM, 13, 8, 24
MM, 18, 11, 12
MM, 22, 13, 13
MM, 32, 23, 61
MM, 32, 24, 37
MM, 33, 25, 37
MM, 33, 26, 12
MM, 33, 27, 13
MM, 33, 28, 173
MM, 34, 29, 24
MM, 34, 30, 12
MM, 35, 31, 13
MM, 28, 0, 49
MM, 29, 2, 13
MM, 29, 3, 12
MM, 29, 4, 13
MM, 30, 5, 11
MM, 31, 5, 25
MM, 31, 6, 13
MC, 1, 112
MM, 32, 5, 61
MM, 36, 1, 12
MM, 6, 31, 25
MM, 11, 26, 13
MM, 23, 18, 12
MM, 34, 9, 13
MM, 1, 28, 36
MM, 1, 27, 13
MM, 2, 27, 12
MM, 3, 27, 86
MM, 18, 26, 86
MM, 21, 26, 13
MM, 24, 26, 13
MM, 26, 26, 12
MM, 29, 25, 11
MM, 32, 24, 14
MM, 33, 24, 11
MM, 35, 23, 13
MM, 36, 23, 12
MM, 37, 23, 50
MM, 38, 22, 74
MM, 39, 22, 15
MM, 41, 22, 9
MM, 42, 21, 13
MM, 46, 21, 24
MM, 0, 20, 161
MC, 1, 123
MM, 37, 20, 284
MM, 19, 20, 12
MM, 40, 18, 13
MM, 38, 13, 25
MM, 23, 3, 39
MM, 13, 1, 121
MM, 9, 3, 13
MM, 7, 4, 11
MM, 6, 5, 13
MM, 5, 5, 38
MM, 5, 6, 25
MM, 5, 7, 11
MM, 5, 8, 13
MM, 5, 9, 38
MM, 5, 10, 11
MM, 7, 10, 234
MM, 9, 10, 26
MM, 12, 10, 11
MM, 20, 11, 13
MM, 33, 13, 12
MM, 5, 14, 13
MM, 23, 20, 36
MM, 3, 30, 13
MM, 1, 12, 49
MM, 5, 14, 13
MM, 8, 14, 12
MM, 8, 15, 39
MM, 5, 16, 11
MM, 4, 17, 12
MM, 2, 18, 11
MM, 0, 18, 13
MM, 43, 18, 123
MM, 35, 18, 13
MM, 29, 18, 13
MM, 24, 18, 12
MM, 22, 18, 12
MM, 21, 18, 25
MM, 20, 18, 148
MC, 1, 135
MM, 20, 17, 74
MM, 17, 13, 37
MM, 13, 10, 13
MM, 4, 4, 12
MM, 42, 25, 25
MM, 39, 17, 12
MM, 37, 10, 13
MM, 36, 6, 12
MM, 35, 5, 13
MM, 33, 0, 24
MM, 29, 7, 666
MM, 34, 16, 13
MM, 10, 9, 26
MM, 77, 5, 24
MM, 81, 12, 12
MM, 85, 17, 25
MM, 86, 17, 12
MM, 86, 18, 37
MM, 88, 20, 12
MM, 90, 22, 15
MM, 90, 23, 10
MM, 91, 24, 12
MC, 1, 568
MM, 93, 20, 160
MM, 98, 10, 14
MM, 21, 26, 24
MM, 27, 4, 11
MM, 32, 18, 25
MM, 34, 11, 25
MM, 34, 9, 12
MM, 34, 7, 25
MM, 34, 6, 13
MM, 34, 1, 24
MM, 1, 28, 198
MM, 8, 28, 12
MM, 15, 28, 24
MM, 16, 28, 13
MM, 17, 30, 12
MM, 18, 31, 13
MM, 7, 0, 61
MM, 7, 2, 13
MM, 7, 3, 38
MC, 1, 160
MM, 8, 3, 24
MM, 10, 3, 87
MM, 14, 3, 12
MM, 18, 3, 13
MM, 21, 2, 11
MM, 24, 0, 13
MM, 27, 0, 13
MM, 1, 27, 245
MM, 6, 23, 13
MM, 12, 20, 13
MM, 14, 18, 12
MM, 15, 18, 13
MM, 16, 18, 12
MC, 1, 149
MM, 15, 18, 86
MM, 15, 20, 12
MM, 14, 24, 13
MM, 10, 31, 11
MM, 42, 1, 13
MM, 33, 30, 25
MM, 31, 11, 12
MM, 25, 31, 24
MM, 162, 1, 38
MM, 161, 1, 12
MM, 161, 2, 12
MM, 160, 2, 13
MM, 160, 1, 123
MM, 160, 0, 11
MM, 20, 26, 50
MM, 20, 18, 12
MM, 20, 15, 13
MM, 20, 12, 25
MM, 20, 11, 13
MC, 1, 135
MM, 17, 10, 99
MM, 11, 9, 13
MM, 2, 5, 13
MM, 33, 18, 47
MM, 24, 14, 13
MM, 16, 10, 12
MM, 12, 8, 13
MM, 8, 6, 12
MM, 5, 4, 24
MM, 5, 3, 13
MM, 3, 3, 111
MM, 2, 3, 26
MM, 1, 3, 12
MM, 0, 3, 11
MM, 42, 11, 38
MM, 36, 17, 12
MM, 30, 21, 13
MM, 25, 23, 11
MM, 22, 25, 13
MM, 20, 26, 12
MM, 21, 26, 76
MM, 23, 25, 122
MM, 24, 24, 25
MM, 26, 20, 24
MM, 28, 15, 13
MM, 31, 11, 13
MM, 38, 6, 12
MC, 1, 865
MM, 8, 5, 147
MM, 9, 10, 13
MM, 10, 13, 12
MM, 11, 14, 12
MM, 11, 16, 12
MC, 1, 212
MM, 10, 16, 60
MM, 6, 16, 13
MM, 42, 14, 24
MM, 40, 14, 12
MM, 38, 14, 13
MM, 38, 13, 73
MC, 1, 87
MM, 39, 13, 74
MM, 39, 14, 12
MM, 41, 15, 12
MM, 43, 16, 13
MM, 6, 24, 25
MM, 14, 29, 25
MM, 72, 10, 12
MM, 96, 33, 38
MM, 100, 36, 11
MM, 101, 37, 13
MM, 102, 38, 25
MM, 103, 38, 73
MM, 105, 40, 49
MP, 1, 150
MR, 1, 73
MM, 108, 41, 149
MM, 108, 40, 36
MM, 108, 38, 12
MM, 108, 37, 12
MM, 108, 35, 13
MM, 108, 32, 12
MM, 108, 28, 13
MM, 108, 24, 11
MM, 108, 22, 13
MM, 108, 20, 12
MM, 108, 19, 37
MC, 1, 186
MM, 109, 19, 99
MM, 110, 19, 11
MM, 115, 19, 13
MM, 128, 15, 13
MM, 159, 0, 24
MM, 31, 31, 12
MM, 1, 15, 62
MM, 5, 12, 12
MM, 9, 9, 13
MM, 13, 4, 24
MM, 14, 4, 38
MM, 14, 3, 12
MM, 15, 1, 12
MM, 14, 30, 25
MM, 16, 24, 13
MM, 19, 17, 24
MM, 21, 15, 12
MM, 22, 14, 25
MM, 23, 14, 24
MM, 25, 14, 13
MM, 30, 13, 13
MM, 35, 13, 12
MM, 40, 12, 12
MM, 0, 11, 37
MM, 1, 11, 13
MM, 8, 10, 24
MM, 13, 8, 12
MM, 16, 7, 13
MM, 19, 6, 12
MM, 22, 4, 25
MM, 23, 3, 12
MM, 24, 2, 13
MM, 24, 1, 25
MM, 24, 0, 36
MM, 0, 25, 111
MM, 2, 24, 13
MM, 7, 22, 11
MM, 11, 20, 13
MM, 15, 18, 12
MM, 18, 17, 13
MM, 19, 17, 24
MM, 20, 17, 13
MC, 1, 235
MM, 19, 17, 36
MM, 18, 17, 50
MM, 17, 17, 25
MM, 16, 17, 13
MM, 14, 17, 23
MM, 11, 17, 13
MM, 6, 17, 13
MM, 34, 17, 11
MM, 23, 26, 38
MM, 40, 1, 137
MM, 31, 2, 12
MM, 23, 3, 12
MM, 17, 3, 12
MM, 13, 4, 13
MM, 10, 5, 24
MM, 8, 8, 74
MM, 7, 8, 13
MM, 6, 10, 11
MC, 1, 149
MM, 3, 11, 407
MM, 38, 14, 25
MM, 31, 15, 13
MM, 23, 15, 24
MM, 17, 13, 12
MM, 13, 9, 13
MM, 6, 1, 11
MM, 37, 4, 211
MM, 39, 15, 11
MM, 16, 26, 26
MM, 36, 20, 24
MM, 48, 33, 26
MM, 51, 36, 24
MM, 51, 37, 12
MM, 51, 36, 345
MM, 51, 35, 13
MM, 51, 34, 24
MC, 1, 111
MM, 50, 34, 63
MM, 46, 29, 136
MM, 38, 22, 12
MM, 30, 13, 13
MM, 16, 0, 24
MM, 42, 8, 12
MM, 35, 22, 37
MM, 32, 14, 26
MM, 31, 13, 12
MM, 31, 14, 197
MM, 31, 15, 12
MM, 31, 16, 12
MM, 31, 17, 13
MM, 31, 18, 13
MM, 32, 22, 13
MM, 32, 29, 23
MP, 1, 235
MR, 1, 74
MM, 26, 12, 555
MM, 42, 12, 12
MM, 13, 15, 25
MM, 24, 16, 25
MM, 25, 17, 12
MM, 27, 17, 12
MM, 28, 17, 112
MM, 37, 17, 49
MM, 4, 12, 24
MM, 17, 6, 13
MM, 10, 0, 333
MM, 10, 1, 12
MM, 10, 3, 14
MM, 11, 6, 24
MM, 11, 7, 12
MC, 1, 173
MM, 4, 7, 123
MM, 34, 7, 12
MM, 43, 6, 25
MM, 9, 6, 25
MM, 23, 6, 24
MM, 7, 6, 13
MC, 1, 396
MM, 34, 2, 209
MM, 32, 6, 12
MM, 31, 9, 15
MM, 30, 9, 22
MC, 1, 234
MM, 28, 9, 74
MM, 24, 9, 13
MM, 20, 9, 12
MM, 15, 10, 12
MM, 8, 11, 12
MM, 0, 13, 13
MM, 43, 14, 13
MM, 38, 15, 24
MM, 37, 15, 12
MC, 1, 285
MM, 38, 15, 136
MM, 39, 15, 296
MM, 40, 15, 37
MM, 41, 15, 11
MM, 0, 17, 26
MM, 9, 20, 12
MM, 15, 21, 13
MM, 19, 23, 12
MM, 26, 26, 25
MM, 32, 29, 12
MM, 12, 2, 49
MM, 16, 6, 12
MM, 24, 10, 25
MM, 31, 13, 12
MM, 38, 16, 13
MM, 0, 19, 49
MM, 1, 21, 284
MM, 2, 24, 12
MM, 3, 26, 13
MM, 95, 4, 36
MM, 95, 6, 13
MM, 96, 8, 12
MM, 96, 9, 13
MC, 1, 321
MM, 95, 9, 124
MM, 95, 6, 36
MM, 93, 2, 13
MM, 39, 27, 24
MM, 31, 17, 13
MM, 26, 5, 13
MM, 20, 29, 25
MM, 19, 27, 12
MM, 18, 25, 25
MM, 18, 24, 60
MC, 1, 162
MM, 18, 23, 49
MM, 18, 22, 36
MM, 21, 22, 13
MM, 31, 18, 12
MM, 41, 11, 14
MM, 11, 2, 12
MM, 28, 20, 24
MM, 28, 12, 26
MM, 8, 6, 23
MM, 27, 4, 25
MM, 32, 3, 26
MM, 33, 3, 11
MM, 34, 3, 185
MM, 1, 3, 62
MM, 3, 3, 12
MM, 8, 6, 24
MM, 9, 8, 13
MM, 10, 10, 12
MM, 11, 10, 24
MM, 11, 11, 13
MM, 10, 12, 124
MM, 9, 12, 37
MM, 8, 12, 25
MM, 7, 12, 13
MM, 5, 12, 11
MM, 0, 12, 13
MM, 31, 12, 12
MM, 30, 22, 25
MM, 36, 0, 37
MM, 21, 0, 12
MM, 13, 0, 24
MM, 12, 0, 13
MC, 1, 358
MM, 16, 4, 136
MM, 16, 2, 25
MM, 55, 20, 25
MM, 53, 41, 246
MM, 53, 40, 13
MM, 53, 39, 12
MM, 53, 38, 25
MM, 53, 37, 23
MM, 53, 35, 13
MM, 53, 33, 12
MM, 52, 31, 13
MM, 52, 30, 24
MM, 52, 29, 12
MM, 52, 28, 26
MM, 51, 28, 36
MC, 1, 112
MM, 48, 28, 73
MM, 42, 25, 13
MM, 31, 15, 12
MM, 21, 4, 13
MM, 12, 29, 13
MM, 17, 1, 37
MM, 13, 31, 272
MM, 13, 30, 24
MM, 13, 29, 12
MM, 13, 27, 13
MM, 13, 26, 12
MM, 13, 25, 12
MM, 13, 22, 12
MM, 13, 21, 25
MM, 13, 20, 13
MM, 14, 20, 49
MM, 15, 21, 173
MM, 16, 22, 37
MM, 17, 22, 12
MM, 22, 23, 12
MM, 27, 23, 13
MM, 40, 24, 11
MM, 5, 27, 13
MM, 34, 4, 49
MM, 0, 9, 13
MM, 30, 18, 25
MM, 2, 25, 24
MM, 8, 28, 26
MM, 11, 29, 12
MM, 12, 30, 12
MM, 14, 31, 13
MM, 17, 31, 24
MM, 19, 30, 173
MM, 19, 29, 12
MM, 20, 28, 13
MM, 20, 27, 85
MM, 20, 26, 137
MC, 1, 173
MM, 21, 26, 271
MM, 23, 26, 12
MM, 26, 26, 13
MM, 30, 18, 12
MM, 38, 9, 13
MM, 21, 24, 24
MM, 39, 13, 25
MM, 43, 11, 12
MM, 0, 7, 37
MM, 2, 5, 12
MM, 8, 3, 25
MM, 13, 1, 12
MM, 1, 28, 38
MM, 4, 26, 12
MM, 8, 23, 12
MM, 14, 20, 25
MM, 15, 20, 13
MM, 15, 19, 11
MM, 14, 19, 138
MC, 1, 85
MM, 13, 19, 37
MM, 12, 19, 37
MM, 11, 19, 12
MM, 6, 19, 12
MM, 24, 19, 26
MM, 3, 24, 23
MC, 1, 754
MM, 13, 1, 284
MM, 18, 5, 12
MM, 29, 15, 24
MM, 35, 23, 14
MM, 9, 5, 24
MM, 21, 15, 24
MM, 29, 23, 26
MM, 38, 27, 24
MM, 101, 1, 62
MM, 108, 7, 25
MM, 111, 13, 11
MM, 114, 16, 13
MM, 120, 23, 24
MM, 124, 25, 13
MM, 128, 26, 12
MM, 131, 28, 25
MM, 132, 29, 14
MC, 1, 233
MM, 132, 28, 173
MM, 132, 22, 12
MM, 132, 14, 12
MM, 132, 8, 13
MM, 133, 1, 13
MM, 1, 14, 36
MM, 2, 11, 12
MM, 3, 9, 13
MM, 4, 7, 14
MM, 5, 7, 23
MM, 7, 5, 12
MM, 8, 4, 13
MM, 11, 0, 24
MM, 1, 0, 174
MM, 41, 15, 122
MM, 39, 19, 13
MM, 36, 21, 12
MM, 32, 24, 24
MM, 31, 25, 27
MM, 32, 24, 320
MM, 32, 23, 25
MM, 33, 21, 11
MM, 35, 16, 13
MM, 40, 10, 12
MM, 12, 18, 38
MM, 17, 10, 12
MM, 21, 3, 25
MM, 22, 2, 13
MM, 22, 0, 73
MM, 38, 31, 37
MM, 40, 28, 12
MM, 42, 23, 12
MM, 0, 16, 383
MM, 2, 16, 12
MM, 5, 15, 25
MM, 6, 14, 13
MM, 10, 13, 184
MM, 9, 14, 88
MM, 7, 14, 12
MM, 3, 16, 12
MM, 40, 22, 25
MM, 30, 23, 11
MM, 12, 26, 26
MM, 4, 26, 12
MM, 1, 26, 13
MC, 1, 284
MM, 18, 9, 186
MM, 18, 19, 11
MM, 18, 27, 12
MM, 18, 1, 12
MM, 111, 7, 39
MM, 112, 22, 24
MM, 112, 25, 11
MM, 113, 26, 24
MC, 1, 273
MM, 114, 25, 110
MM, 116, 24, 14
MM, 124, 17, 11
MM, 140, 5, 12
MM, 23, 27, 25
MM, 29, 22, 13
MM, 32, 21, 27
MM, 33, 20, 11
MM, 32, 20, 98
MM, 31, 20, 86
MC, 1, 61
MM, 32, 19, 86
MM, 36, 16, 14
MM, 13, 27, 36
MM, 34, 17, 12
MM, 18, 0, 25
MM, 2, 27, 26
MM, 5, 23, 24
MM, 6, 23, 12
MM, 6, 22, 12
MM, 6, 21, 49
MM, 6, 20, 13
MM, 6, 19, 12
MM, 6, 18, 25
MM, 7, 18, 12
MM, 6, 18, 124
MM, 6, 19, 12
MM, 5, 19, 61
MC, 1, 100
MM, 5, 20, 111
MM, 5, 21, 12
MM, 4, 23, 12
MM, 3, 24, 13
MM, 3, 6, 37
MM, 40, 21, 11
MM, 15, 1, 25
MM, 5, 4, 26
MM, 2, 5, 11
MM, 1, 5, 13
MM, 0, 5, 37
MP, 1, 149
MR, 1, 98
MC, 1, 0
MM, 43, 6, 124
MM, 40, 6, 11
MM, 37, 6, 13
MM, 32, 7, 12
MM, 29, 7, 13
MM, 26, 8, 24
MM, 25, 8, 25
MC, 1, 98
MM, 15, 7, 149
MM, 3, 6, 13
MM, 37, 0, 12
MM, 39, 19, 24
MM, 12, 1, 25
MM, 36, 2, 507
MM, 0, 26, 26
MM, 87, 18, 34
MM, 124, 38, 309
MM, 124, 30, 13
MM, 123, 28, 13
MM, 123, 26, 12
MM, 122, 26, 62
MC, 1, 136
MM, 121, 25, 160
MM, 119, 22, 11
MM, 116, 14, 13
MM, 7, 23, 24
MM, 4, 16, 14
MM, 43, 5, 136
MM, 41, 4, 12
MM, 37, 4, 24
MM, 36, 4, 13
MM, 34, 3, 11
MM, 33, 3, 13
MM, 32, 1, 13
MM, 28, 31, 75
MM, 26, 28, 25
MM, 25, 27, 11
MM, 25, 26, 12
MM, 25, 25, 12
MM, 25, 22, 25
MM, 24, 22, 12
MM, 26, 21, 186
MM, 27, 21, 12
MM, 29, 21, 12
MM, 31, 21, 12
MM, 5, 3, 25
MM, 2, 0, 433
MM, 34, 5, 37
MM, 33, 6, 24
MM, 32, 7, 13
MM, 31, 7, 61
MM, 29, 7, 99
MM, 28, 7, 49
MM, 27, 7, 49
MM, 25, 7, 13
MM, 23, 8, 12
MM, 13, 10, 12
MM, 8, 24, 25
MM, 46, 9, 25
MM, 28, 17, 24
MM, 38, 17, 38
MM, 33, 16, 24
MM, 33, 13, 25
MM, 33, 12, 12
MM, 33, 10, 13
MM, 34, 9, 12
MM, 34, 6, 25
MM, 34, 5, 11
MM, 34, 3, 13
MC, 1, 470
MM, 22, 3, 223
MM, 28, 23, 26
MM, 34, 4, 10
MM, 99, 8, 38
MM, 108, 28, 26
MM, 109, 32, 11
MM, 111, 34, 11
MM, 113, 34, 13
MM, 114, 35, 12
MM, 115, 35, 25
MM, 116, 35, 37
MM, 116, 34, 13
MM, 116, 33, 24
MM, 116, 32, 25
MM, 116, 30, 12
MM, 116, 29, 37
MM, 116, 28, 37
MM, 116, 27, 25
MM, 116, 26, 51
MC, 1, 96
MM, 116, 25, 124
MM, 119, 22, 13
MM, 128, 14, 12
MM, 11, 23, 25
MM, 19, 13, 13
MM, 32, 2, 24
MM, 33, 2, 12
MM, 33, 1, 13
MM, 32, 1, 73
MM, 31, 1, 38
MM, 30, 0, 11
MM, 29, 0, 24
MM, 22, 28, 51
MM, 21, 24, 11
MM, 19, 22, 26
MM, 19, 21, 12
MC, 1, 173
MM, 18, 21, 101
MM, 16, 21, 10
MM, 14, 21, 12
MM, 7, 21, 25
MM, 0, 21, 13
MM, 40, 20, 12
MM, 22, 16, 24
MM, 15, 14, 26
MM, 12, 12, 24
MM, 10, 11, 12
MM, 9, 10, 25
MM, 8, 10, 12
MM, 6, 9, 12
MM, 40, 7, 49
MM, 35, 6, 13
MM, 12, 5, 24
MM, 1, 5, 13
MM, 43, 1, 12
MC, 1, 322
MM, 29, 6, 221
MM, 9, 21, 26
MM, 21, 0, 48
MM, 31, 2, 13
MM, 9, 2, 37
MM, 23, 3, 12
MM, 41, 3, 25
MM, 2, 3, 26
MM, 6, 3, 11
MM, 10, 3, 25
MM, 11, 3, 13
MM, 13, 3, 11
MM, 15, 3, 26
MM, 16, 3, 12
MM, 17, 3, 12
MM, 22, 0, 25
MM, 23, 30, 25
MM, 25, 15, 37
MM, 26, 11, 37
MM, 26, 10, 11
MC, 1, 186
MM, 24, 10, 431
MM, 23, 10, 12
MM, 22, 10, 13
MM, 19, 9, 13
MM, 16, 7, 24
MM, 14, 4, 12
MM, 12, 0, 12
MM, 29, 30, 26
MM, 26, 27, 25
MM, 24, 26, 11
MM, 24, 25, 24
MM, 23, 25, 15
MC, 1, 122
MM, 23, 29, 124
MM, 2, 6, 24
MM, 6, 1, 38
MM, 7, 3, 11
MM, 8, 6, 25
MM, 9, 6, 13
MM, 9, 7, 24
MM, 10, 8, 12
MM, 11, 8, 13
MM, 11, 9, 12
MM, 12, 10, 24
MM, 13, 10, 13
MM, 14, 13, 25
MM, 15, 13, 24
MM, 15, 14, 13
MC, 1, 87
MM, 16, 14, 85
MM, 18, 14, 25
MM, 21, 14, 12
MM, 28, 13, 13
MM, 40, 9, 12
MM, 410, 1, 14500
MM, 342, 50, 73
MM, 352, 56, 396
MM, 63, 3, 123
MM, 79, 17, 25
MM, 90, 33, 24
MM, 92, 37, 13
MM, 88, 33, 196
MM, 68, 16, 25
MM, 64, 10, 12
MM, 61, 7, 25
