**********************************
LOGGING TIME: 20171101_204827
CLIENT IP: 10.102.35.184
USERNAME: sandeep2103
OS: Windows 10
*********************Neutral database**********************************
MM, 158, 24, 1507533520863
MM, 25, 17, 814
MM, 9, 5, 13
MM, 175, 26, 25
MM, 173, 20, 11
MM, 172, 18, 13
MM, 172, 16, 12
MM, 172, 15, 12
MM, 171, 15, 99
MM, 170, 15, 49
MM, 169, 15, 62
MM, 168, 15, 37
MM, 173, 17, 8191
MM, 18, 18, 48
MM, 28, 14, 13
MM, 42, 7, 12
MP, 1, 8083
MR, 1, 107
MC, 1, 0
MC, 1, 372
MM, 96, 1, 18762
MM, 98, 4, 13
MM, 103, 44, 49
MM, 104, 47, 13
MM, 104, 50, 12
MM, 105, 51, 12
MC, 1, 112
MM, 105, 52, 37
MM, 107, 52, 135
MM, 111, 53, 13
MM, 119, 57, 13
MC, 1, 617
MM, 6, 8, 283
MM, 15, 16, 14
MM, 20, 19, 12
MM, 26, 23, 12
MM, 28, 24, 13
MM, 30, 24, 11
MM, 31, 24, 25
MC, 1, 186
MM, 30, 24, 36
MM, 29, 24, 13
MM, 25, 24, 12
MM, 13, 24, 13
MM, 0, 21, 11
MM, 36, 15, 13
MM, 19, 9, 14
MM, 4, 4, 11
MP, 1, 408
MR, 1, 61
MC, 1, 0
MC, 1, 322
MM, 39, 3, 123
MM, 4, 19, 25
MM, 11, 28, 12
MM, 16, 0, 12
MM, 40, 28, 38
MM, 96, 5, 24
MM, 99, 8, 13
MM, 99, 10, 12
MM, 100, 11, 12
MM, 101, 11, 13
MC, 1, 223
MM, 103, 5, 98
MM, 14, 28, 13
MM, 20, 30, 24
MM, 22, 6, 25
MM, 22, 2, 12
MM, 22, 1, 25
MM, 22, 0, 12
MC, 1, 396
MM, 3, 26, 99
MM, 9, 26, 12
MM, 11, 26, 13
MM, 17, 26, 12
MM, 25, 26, 12
MM, 33, 26, 12
MM, 40, 26, 13
MM, 2, 26, 25
MM, 4, 24, 12
MM, 6, 24, 12
MM, 5, 24, 36
MM, 2, 23, 25
MM, 39, 17, 27
MM, 25, 8, 11
MM, 18, 3, 12
MM, 12, 0, 12
MP, 1, 112
MR, 1, 61
MC, 1, 0
MM, 14, 0, 87
MM, 22, 4, 13
MM, 1, 14, 36
MM, 4, 15, 13
MM, 5, 15, 13
MM, 7, 15, 12
MM, 7, 16, 12
MM, 6, 16, 136
MM, 37, 16, 49
MM, 26, 16, 25
MM, 23, 16, 12
MM, 22, 16, 25
MC, 1, 160
MM, 26, 16, 297
MM, 31, 16, 11
MM, 38, 14, 13
MM, 6, 12, 12
MM, 27, 9, 13
MM, 4, 7, 24
MM, 34, 7, 12
MM, 16, 7, 13
MM, 34, 20, 347
MM, 31, 20, 12
MM, 30, 20, 13
MC, 1, 222
MM, 28, 20, 37
MM, 24, 20, 24
MM, 22, 20, 13
MM, 12, 20, 12
MM, 24, 20, 25
MM, 13, 20, 12
MM, 5, 20, 13
MM, 1, 20, 12
MM, 35, 19, 235
MM, 33, 19, 12
MM, 31, 19, 16
MM, 29, 19, 8
MM, 27, 19, 13
MM, 26, 19, 12
MC, 1, 124
MM, 22, 23, 210
MM, 9, 16, 25
MM, 40, 27, 14
MM, 20, 30, 35
MM, 94, 1, 12
MM, 50, 15, 63
MM, 44, 15, 11
MM, 37, 15, 12
MM, 34, 15, 13
MM, 31, 15, 12
MM, 30, 15, 12
MM, 28, 15, 13
MM, 26, 15, 25
MM, 25, 15, 13
MM, 24, 14, 12
MM, 23, 14, 12
MM, 23, 13, 24
MM, 23, 11, 26
MM, 23, 7, 11
MM, 23, 4, 13
MM, 23, 0, 12
MM, 33, 31, 24
MM, 34, 29, 13
MM, 34, 27, 13
MM, 34, 26, 25
MC, 1, 197
MM, 34, 25, 12
MM, 34, 24, 50
MM, 35, 22, 37
MM, 40, 19, 13
MM, 2, 13, 11
MM, 32, 6, 38
MM, 24, 28, 13
MM, 15, 2, 36
MM, 30, 10, 296
MM, 18, 18, 13
MM, 9, 26, 13
MM, 3, 29, 11
MM, 1, 30, 13
MM, 1, 31, 12
MM, 0, 31, 13
MP, 1, 86
MR, 1, 87
MC, 1, 0
MM, 0, 30, 592
MM, 1, 29, 27
MM, 4, 28, 10
MM, 8, 27, 13
MM, 11, 25, 11
MM, 13, 25, 13
MM, 14, 25, 12
MM, 15, 25, 13
MM, 14, 25, 161
MM, 9, 25, 24
MM, 1, 26, 13
MM, 40, 28, 13
MM, 5, 1, 25
MM, 5, 23, 25
MM, 16, 2, 25
MM, 38, 5, 24
MM, 27, 5, 37
MM, 27, 3, 24
MM, 27, 2, 12
MM, 27, 1, 13
MM, 26, 1, 37
MM, 26, 0, 60
MM, 26, 30, 50
MM, 26, 28, 14
MM, 26, 25, 12
MM, 27, 21, 12
MM, 27, 20, 24
MM, 27, 19, 12
MM, 31, 18, 185
MM, 37, 18, 13
MM, 14, 11, 26
MM, 24, 8, 24
MM, 40, 20, 37
MM, 17, 22, 12
MM, 42, 24, 26
MM, 1, 27, 11
MM, 18, 27, 61
MM, 22, 23, 25
MM, 24, 22, 14
MM, 28, 16, 36
MM, 29, 16, 25
MC, 1, 173
MM, 29, 17, 49
MM, 28, 18, 25
MM, 27, 19, 13
MM, 26, 20, 11
MM, 22, 22, 13
MM, 15, 24, 13
MM, 8, 26, 12
MM, 0, 2, 37
MM, 14, 13, 12
MM, 131, 1, 38
MM, 117, 8, 25
MM, 114, 9, 11
MM, 112, 10, 12
MM, 111, 11, 13
MM, 106, 13, 12
MM, 103, 14, 13
MM, 99, 16, 25
MM, 98, 16, 12
MM, 98, 15, 85
MM, 98, 14, 25
MM, 98, 13, 24
MM, 100, 12, 150
MM, 101, 12, 12
MM, 102, 12, 25
MM, 103, 12, 12
MM, 105, 10, 13
MM, 109, 7, 12
MM, 123, 0, 12
MM, 18, 23, 25
MM, 12, 3, 13
MM, 13, 12, 24
MM, 9, 0, 295
MM, 12, 7, 13
MM, 17, 19, 25
MM, 18, 22, 13
MM, 19, 24, 11
MC, 1, 323
MM, 18, 24, 51
MM, 16, 24, 10
MM, 7, 24, 13
MM, 35, 24, 11
MM, 2, 24, 38
MM, 11, 24, 26
MM, 29, 22, 36
MM, 4, 18, 36
MM, 39, 16, 39
MM, 22, 14, 24
MM, 16, 14, 12
MM, 11, 14, 13
MM, 7, 14, 12
MM, 4, 12, 24
MM, 3, 11, 13
MM, 2, 9, 12
MM, 2, 6, 13
MM, 2, 3, 12
MM, 2, 0, 728
MM, 1, 3, 13
MM, 42, 8, 25
MM, 32, 13, 25
MM, 28, 14, 11
MM, 28, 15, 12
MM, 27, 15, 13
MM, 26, 16, 12
MC, 1, 136
MM, 27, 16, 50
MM, 28, 16, 11
MM, 29, 16, 14
MM, 30, 16, 13
MM, 33, 16, 11
MM, 39, 16, 12
MM, 0, 14, 13
MM, 1, 3, 38
MM, 11, 2, 25
MM, 14, 1, 10
MM, 16, 1, 13
MM, 17, 1, 25
MC, 1, 185
MM, 19, 2, 99
MM, 22, 5, 12
MM, 25, 8, 12
MM, 28, 12, 13
MM, 30, 16, 12
MM, 32, 19, 13
MM, 33, 21, 12
MM, 35, 24, 12
MM, 39, 29, 12
MM, 10, 4, 25
MM, 25, 18, 25
MM, 28, 23, 12
MM, 31, 26, 12
MM, 33, 29, 25
MP, 1, 162
MR, 1, 86
MM, 78, 0, 87
MM, 79, 0, 12
MM, 80, 1, 12
MM, 83, 2, 13
MM, 84, 3, 12
MM, 85, 3, 25
MM, 85, 4, 11
MC, 1, 112
MM, 89, 4, 259
MM, 101, 4, 13
MM, 115, 1, 12
MM, 37, 31, 25
MM, 24, 28, 12
MM, 14, 18, 24
MM, 34, 29, 606
MM, 30, 28, 12
MM, 28, 28, 12
MM, 27, 28, 12
MM, 25, 28, 13
MM, 23, 27, 210
MM, 21, 27, 13
MM, 19, 27, 12
MM, 15, 27, 12
MM, 12, 26, 13
MM, 11, 26, 11
MM, 10, 25, 15
MM, 7, 25, 518
MM, 2, 29, 12
MM, 21, 2, 38
MM, 28, 4, 11
MM, 20, 4, 25
MM, 32, 1, 38
MM, 26, 0, 25
MM, 16, 3, 579
MM, 43, 12, 12
MM, 31, 26, 25
MM, 40, 31, 24
MM, 41, 31, 14
MM, 11, 2, 122
MM, 17, 7, 13
MM, 21, 10, 12
MM, 23, 11, 26
MM, 23, 12, 12
MM, 23, 13, 25
MC, 1, 159
MM, 22, 13, 75
MM, 20, 13, 24
MM, 15, 12, 12
MM, 8, 8, 13
MM, 11, 31, 38
MM, 3, 29, 11
MM, 41, 27, 25
MM, 30, 27, 25
MM, 25, 26, 12
MM, 18, 26, 13
MM, 15, 26, 14
MM, 10, 26, 11
MM, 6, 26, 11
MM, 4, 26, 14
MM, 2, 26, 12
MM, 1, 26, 12
MM, 39, 30, 198
MM, 34, 0, 13
MM, 26, 12, 26
MM, 25, 14, 10
MM, 25, 15, 13
MC, 1, 173
MM, 26, 15, 61
MM, 28, 12, 13
MM, 38, 5, 11
MM, 40, 21, 26
MM, 39, 5, 12
MM, 13, 0, 37
MM, 31, 0, 210
MM, 26, 2, 12
MM, 10, 6, 12
MM, 31, 11, 25
MM, 17, 13, 26
MM, 16, 13, 11
MM, 15, 13, 13
MC, 1, 172
MM, 16, 13, 62
MM, 17, 13, 13
MM, 19, 13, 12
MM, 26, 13, 13
MM, 3, 18, 24
MM, 14, 23, 25
MM, 18, 26, 13
MM, 22, 28, 11
MM, 25, 31, 14
MM, 11, 1, 48
MM, 11, 2, 13
MM, 12, 2, 12
MM, 13, 3, 25
MM, 14, 5, 12
MM, 15, 7, 12
MM, 18, 9, 13
MM, 20, 13, 13
MM, 22, 16, 12
MM, 23, 17, 12
MM, 23, 18, 12
MM, 23, 19, 13
MC, 1, 161
MM, 22, 19, 172
MM, 19, 18, 12
MM, 17, 18, 13
MM, 12, 18, 12
MM, 6, 18, 13
MM, 43, 18, 12
MM, 20, 24, 27
MM, 26, 10, 36
MM, 12, 8, 320
MM, 34, 3, 13
MM, 54, 3, 12
MM, 72, 4, 24
MM, 76, 6, 13
MM, 78, 7, 12
MM, 78, 8, 62
MM, 79, 8, 49
MM, 80, 9, 37
MM, 81, 9, 14
MM, 81, 10, 11
MC, 1, 174
MM, 80, 10, 73
MM, 79, 10, 25
MM, 76, 9, 12
MM, 69, 8, 13
MM, 61, 4, 12
MM, 52, 2, 13
MM, 37, 30, 26
MM, 27, 27, 10
MM, 19, 22, 24
MM, 18, 22, 13
MM, 18, 21, 50
MC, 1, 148
MM, 16, 21, 321
MM, 11, 18, 13
MM, 24, 25, 37
MM, 6, 16, 12
MM, 41, 12, 25
MM, 38, 12, 26
MM, 37, 12, 11
MM, 36, 12, 12
MM, 36, 11, 12
MM, 34, 11, 38
MM, 33, 10, 11
MM, 30, 10, 14
MM, 29, 9, 11
MC, 1, 162
MM, 30, 9, 86
MM, 34, 9, 12
MM, 42, 11, 13
MM, 4, 12, 12
MM, 42, 13, 25
MM, 8, 16, 13
MM, 38, 5, 36
MM, 12, 15, 27
MM, 23, 16, 24
MM, 25, 17, 11
MM, 26, 17, 12
MM, 25, 17, 111
MM, 24, 17, 53
MM, 27, 17, 70
MM, 30, 17, 13
MM, 34, 19, 13
MM, 39, 20, 12
MM, 43, 22, 13
MM, 4, 24, 25
MM, 7, 24, 11
MM, 10, 24, 13
MM, 11, 24, 13
MC, 1, 196
MM, 11, 25, 124
MM, 10, 26, 37
MM, 7, 29, 12
MM, 141, 1, 25
MM, 139, 5, 13
MM, 137, 9, 11
MM, 135, 11, 13
MM, 132, 11, 12
MM, 131, 12, 25
MM, 130, 13, 12
MC, 1, 160
MM, 125, 14, 149
MM, 122, 14, 13
MM, 119, 14, 12
MM, 115, 14, 13
MM, 106, 10, 11
MM, 95, 4, 13
MM, 32, 20, 26
MM, 15, 5, 12
MM, 31, 8, 11
MM, 20, 1, 544
MM, 21, 2, 13
MM, 21, 3, 24
MC, 1, 149
MM, 23, 1, 110
MP, 1, 235
MR, 1, 50
MC, 1, 0
MM, 21, 0, 827
MC, 1, 259
MM, 23, 0, 100
MM, 26, 0, 11
MM, 29, 0, 13
MP, 1, 198
MR, 1, 73
MC, 1, 0
MC, 1, 482
MM, 21, 0, 174
MM, 12, 22, 26
MM, 2, 6, 37
MM, 36, 29, 24
MM, 89, 2, 24
MM, 90, 3, 13
MM, 92, 4, 24
MM, 92, 5, 12
MM, 93, 5, 124
MM, 94, 5, 11
MM, 95, 5, 13
MM, 96, 5, 12
MC, 1, 310
MM, 10, 28, 296
MM, 12, 21, 13
MM, 13, 14, 12
MM, 13, 11, 13
MM, 9, 31, 24
MM, 39, 11, 25
MM, 29, 2, 382
MM, 29, 4, 13
MM, 29, 5, 11
MM, 31, 5, 236
MM, 37, 7, 63
MM, 9, 12, 24
MM, 37, 23, 36
MM, 124, 8, 27
MM, 148, 21, 24
MM, 153, 23, 11
MM, 156, 24, 13
MM, 157, 25, 12
MM, 158, 26, 13
MM, 158, 27, 111
MC, 1, 135
MM, 161, 26, 98
MM, 168, 17, 13
MM, 173, 5, 12
MM, 1, 29, 26
MM, 16, 20, 11
MM, 26, 14, 14
MM, 34, 9, 12
MM, 40, 4, 25
MM, 42, 3, 11
MM, 6, 29, 75
MM, 8, 28, 12
MM, 10, 26, 25
MM, 10, 25, 13
MM, 12, 25, 11
MM, 12, 24, 25
MM, 12, 23, 24
MM, 14, 23, 26
MM, 15, 22, 12
MM, 17, 21, 62
MM, 19, 21, 12
MM, 23, 20, 14
MM, 27, 19, 11
MM, 30, 19, 11
MM, 32, 19, 14
MM, 33, 19, 11
MM, 34, 19, 13
MM, 36, 18, 24
MM, 37, 18, 62
MM, 39, 17, 50
MM, 41, 17, 13
MM, 42, 17, 11
MM, 43, 17, 13
MM, 0, 16, 148
MM, 2, 16, 13
MM, 3, 16, 11
MM, 4, 16, 25
MM, 5, 16, 13
MC, 1, 161
MM, 4, 16, 75
MM, 3, 16, 24
MM, 2, 16, 12
MM, 0, 16, 13
MM, 40, 7, 36
MM, 37, 3, 13
MM, 32, 29, 111
MM, 30, 26, 13
MM, 27, 23, 24
MM, 26, 23, 24
MM, 26, 22, 12
MM, 24, 22, 26
MC, 1, 123
MM, 24, 23, 75
MM, 23, 23, 12
MM, 21, 24, 13
MM, 13, 29, 11
MM, 41, 0, 13
MM, 24, 16, 37
MM, 8, 26, 24
MM, 5, 27, 13
MM, 4, 28, 12
MM, 1, 29, 24
MM, 0, 29, 113
MM, 1, 28, 111
MM, 5, 26, 11
MM, 7, 25, 14
MM, 8, 25, 11
MM, 9, 25, 13
MC, 1, 172
MM, 7, 24, 234
MM, 35, 16, 25
MM, 23, 6, 13
MM, 41, 22, 11
MC, 1, 583
MM, 35, 5, 123
MM, 38, 19, 25
MM, 39, 22, 12
MM, 40, 23, 12
MM, 40, 24, 13
MM, 41, 24, 25
MM, 41, 25, 24
MM, 41, 27, 13
MM, 3, 10, 62
MM, 12, 17, 24
MM, 21, 24, 25
MM, 27, 29, 12
MM, 85, 2, 50
MM, 88, 3, 24
MM, 89, 3, 12
MC, 1, 371
MM, 90, 1, 160
MM, 91, 0, 13
MM, 2, 31, 37
MM, 1, 24, 12
MM, 42, 3, 25
MM, 33, 23, 25
MM, 30, 19, 38
MM, 30, 18, 24
MM, 30, 17, 24
MM, 30, 12, 25
MM, 31, 7, 13
MM, 33, 2, 11
MC, 1, 507
MM, 0, 8, 444
MM, 1, 9, 25
MM, 1, 10, 13
MC, 1, 148
MM, 0, 10, 112
MM, 41, 10, 36
MM, 31, 8, 13
MM, 21, 1, 12
MM, 31, 3, 445
MM, 19, 7, 13
MM, 39, 18, 24
MM, 31, 21, 24
MM, 32, 21, 198
MC, 1, 86
MM, 33, 21, 63
MM, 34, 21, 11
MM, 36, 21, 13
MM, 40, 21, 12
MM, 8, 18, 25
MM, 16, 16, 13
MM, 16, 6, 24
MC, 1, 371
MM, 34, 2, 395
MM, 2, 9, 37
MM, 6, 24, 13
MM, 150, 0, 27
MM, 151, 4, 23
MM, 151, 5, 11
MM, 151, 6, 12
MM, 151, 7, 111
MM, 153, 7, 225
MM, 154, 7, 23
MM, 155, 6, 12
MM, 155, 5, 13
MM, 157, 4, 13
MM, 158, 4, 11
MM, 159, 3, 13
MM, 28, 31, 49
MM, 34, 25, 12
MM, 0, 1, 25
MM, 7, 23, 25
MM, 10, 19, 25
MM, 10, 18, 12
MM, 10, 17, 13
MM, 11, 14, 49
MM, 13, 10, 13
MM, 16, 3, 12
MM, 34, 30, 222
MM, 35, 30, 12
MM, 36, 29, 24
MM, 38, 29, 12
MM, 41, 29, 13
MM, 42, 29, 12
MM, 43, 29, 13
MM, 43, 28, 13
MM, 0, 26, 61
MM, 3, 25, 12
MM, 11, 24, 13
MM, 14, 23, 14
MM, 19, 23, 23
MM, 20, 23, 13
MM, 21, 23, 24
MC, 1, 111
MM, 20, 23, 37
MM, 19, 23, 12
MM, 17, 23, 12
MM, 15, 23, 13
MM, 14, 23, 13
MM, 13, 24, 12
MM, 11, 24, 12
MM, 0, 29, 25
MM, 14, 8, 13
MM, 21, 22, 25
MM, 34, 17, 25
MM, 39, 30, 185
MM, 40, 23, 11
MM, 3, 10, 25
MM, 25, 25, 36
MM, 29, 21, 13
MM, 31, 18, 12
MM, 33, 17, 13
MM, 35, 16, 13
MM, 34, 16, 172
MC, 1, 50
MM, 34, 17, 86
MM, 34, 18, 26
MM, 36, 20, 13
MM, 40, 23, 11
MM, 3, 11, 26
MM, 11, 26, 12
MM, 16, 13, 11
MM, 49, 40, 38
MP, 1, 223
MR, 1, 49
MC, 1, 0
MM, 74, 41, 136
MM, 74, 39, 12
MM, 74, 36, 11
MM, 74, 35, 25
MC, 1, 112
MM, 74, 34, 444
MM, 77, 29, 13
MM, 85, 17, 12
MM, 96, 3, 13
MM, 15, 30, 11
MM, 22, 19, 26
MM, 24, 15, 25
MM, 24, 14, 24
MM, 26, 10, 24
MM, 28, 3, 13
MM, 35, 31, 123
MM, 36, 30, 26
MM, 39, 30, 12
MM, 40, 28, 11
MM, 41, 27, 13
MM, 41, 26, 25
MM, 41, 25, 13
MM, 40, 24, 12
MM, 39, 23, 12
MM, 37, 19, 12
MM, 31, 10, 25
MM, 29, 6, 12
MM, 29, 2, 13
MM, 28, 1, 12
MM, 27, 0, 13
MC, 1, 481
MM, 0, 7, 544
MM, 2, 7, 12
MM, 6, 7, 13
MM, 11, 7, 11
MM, 16, 7, 25
MM, 19, 6, 162
MM, 22, 6, 11
MM, 27, 6, 14
MM, 35, 5, 12
MM, 41, 3, 12
MM, 20, 28, 25
MM, 24, 24, 11
MM, 29, 21, 26
MM, 30, 21, 12
MM, 31, 20, 12
MM, 32, 20, 12
MM, 32, 19, 13
MM, 33, 19, 25
MM, 34, 18, 13
MM, 34, 17, 11
MM, 35, 17, 13
MM, 35, 16, 25
MM, 37, 16, 24
MM, 40, 16, 12
MM, 42, 16, 13
MM, 43, 15, 12
MM, 0, 15, 137
MM, 1, 15, 12
MM, 4, 15, 12
MM, 6, 15, 12
MM, 10, 16, 25
MM, 11, 16, 12
MM, 12, 17, 12
MM, 12, 18, 13
MM, 13, 18, 24
MM, 7, 19, 210
MM, 39, 15, 25
MM, 31, 14, 12
MM, 18, 13, 13
MM, 7, 11, 12
MM, 43, 9, 50
MM, 42, 9, 12
MM, 39, 9, 13
MM, 33, 9, 11
MM, 20, 9, 13
MM, 0, 14, 840
MM, 4, 14, 11
MM, 8, 14, 25
MM, 9, 14, 13
MM, 10, 14, 25
MM, 11, 14, 25
MC, 1, 123
MM, 11, 15, 12
MM, 11, 16, 74
MM, 11, 19, 25
MM, 13, 25, 12
MM, 6, 5, 25
MM, 14, 29, 12
MM, 29, 16, 13
MM, 199, 31, 25
MM, 220, 3, 370
MM, 217, 4, 13
MM, 211, 5, 11
MM, 207, 7, 13
MM, 203, 10, 25
MM, 202, 11, 13
MM, 201, 12, 11
MM, 201, 13, 13
MM, 200, 14, 12
MM, 199, 14, 25
MM, 199, 15, 73
MC, 1, 471
MM, 198, 15, 85
MM, 196, 15, 13
MM, 195, 15, 12
MM, 193, 15, 13
MM, 192, 15, 13
MM, 187, 15, 12
MM, 174, 14, 12
MM, 159, 10, 12
MM, 137, 0, 13
MM, 2, 12, 11
MM, 17, 22, 25
MM, 7, 14, 24
MM, 6, 11, 26
MM, 5, 11, 12
MM, 5, 10, 124
MC, 1, 99
MM, 6, 10, 86
MM, 10, 10, 13
MM, 21, 10, 11
MM, 37, 10, 13
MM, 15, 7, 13
MM, 22, 30, 36
MM, 36, 27, 13
MM, 3, 24, 87
MM, 5, 22, 11
MM, 17, 19, 25
MM, 27, 16, 13
MM, 34, 14, 12
MM, 2, 9, 37
MM, 3, 8, 25
MM, 1, 8, 136
MM, 0, 8, 13
MM, 35, 8, 112
MM, 34, 9, 36
MM, 33, 9, 12
MM, 32, 10, 37
MM, 31, 10, 124
MM, 30, 11, 12
MM, 30, 12, 25
MM, 29, 13, 13
MM, 24, 16, 209
MM, 17, 18, 13
MM, 10, 22, 11
MM, 1, 27, 13
MM, 15, 3, 12
MM, 33, 10, 37
MM, 32, 29, 26
MM, 47, 0, 25
MM, 38, 0, 24
MM, 37, 0, 12
MM, 38, 0, 74
MM, 39, 0, 24
MM, 8, 31, 160
MM, 9, 31, 13
MM, 9, 30, 13
MM, 10, 30, 13
MM, 10, 29, 209
MM, 10, 28, 25
MM, 8, 24, 148
MM, 8, 22, 25
MM, 8, 21, 12
MM, 7, 18, 13
MM, 5, 15, 12
MM, 3, 9, 13
MM, 42, 31, 25
MM, 38, 27, 11
MM, 33, 21, 26
MM, 31, 18, 12
MM, 29, 17, 12
MM, 29, 14, 12
MM, 29, 12, 13
MM, 28, 10, 12
MM, 28, 8, 24
MM, 28, 7, 13
MM, 28, 6, 13
MM, 28, 3, 25
MM, 27, 1, 11
MC, 1, 284
MM, 28, 2, 260
MM, 34, 10, 12
MM, 3, 15, 38
MM, 8, 27, 11
MM, 54, 2, 27
MM, 55, 6, 11
MM, 56, 8, 13
MM, 58, 13, 25
MM, 58, 14, 11
MM, 59, 16, 13
MM, 60, 20, 12
MM, 61, 22, 12
MM, 63, 26, 13
MM, 64, 28, 13
MM, 66, 30, 11
MM, 67, 32, 13
MM, 68, 33, 24
MM, 69, 33, 160
MC, 1, 275
MM, 70, 33, 46
MM, 71, 33, 12
MM, 72, 32, 13
MM, 74, 31, 13
MM, 76, 30, 12
MM, 78, 28, 13
MM, 101, 23, 24
MM, 113, 21, 13
MM, 129, 19, 12
MM, 156, 16, 12
MM, 193, 12, 12
MM, 8, 31, 74
MM, 10, 30, 13
MM, 10, 29, 24
MM, 8, 28, 50
MM, 7, 28, 12
MM, 4, 27, 26
MM, 38, 25, 25
MM, 16, 25, 25
MM, 1, 25, 12
MM, 34, 26, 25
MM, 31, 26, 25
MM, 30, 26, 11
MM, 30, 25, 37
MM, 30, 24, 25
MM, 31, 22, 13
MM, 32, 20, 11
MM, 38, 17, 26
MM, 40, 14, 25
MM, 42, 10, 184
MM, 2, 5, 62
MM, 19, 30, 49
MM, 19, 29, 25
MM, 20, 27, 49
MM, 20, 26, 13
MM, 20, 24, 12
MM, 20, 23, 25
MM, 20, 22, 12
MM, 22, 25, 210
MM, 25, 26, 25
MM, 28, 27, 12
MM, 30, 28, 13
MM, 35, 31, 24
MM, 32, 2, 49
MM, 38, 7, 13
MM, 0, 14, 38
MM, 1, 14, 11
MM, 1, 15, 36
MM, 2, 15, 125
MC, 1, 124
MM, 2, 16, 86
MM, 38, 7, 62
MM, 37, 4, 86
MM, 38, 0, 149
MM, 36, 3, 13
MM, 36, 4, 12
MM, 36, 8, 24
MM, 36, 12, 13
MM, 36, 17, 12
MM, 36, 31, 37
MM, 33, 0, 482
MM, 32, 2, 12
MM, 29, 7, 24
MM, 29, 9, 13
MM, 29, 11, 12
MM, 29, 12, 25
MM, 29, 13, 12
MC, 1, 124
MM, 29, 12, 50
MM, 31, 14, 62
MM, 42, 20, 12
MM, 3, 27, 12
MM, 0, 5, 25
MM, 36, 18, 38
MM, 43, 22, 11
MM, 6, 30, 25
MM, 120, 2, 37
MM, 123, 4, 12
MM, 124, 4, 24
MC, 1, 174
MM, 125, 4, 98
MM, 129, 4, 25
MM, 142, 3, 12
MM, 40, 30, 38
MM, 6, 29, 12
MM, 25, 26, 26
MM, 40, 24, 24
MM, 4, 20, 11
MM, 27, 15, 27
MM, 37, 11, 11
MM, 43, 9, 13
MM, 0, 7, 24
MM, 2, 7, 12
MM, 3, 7, 24
MM, 3, 6, 124
MM, 3, 5, 25
MM, 4, 4, 12
MM, 10, 27, 25
MM, 11, 24, 12
MM, 15, 18, 24
MM, 16, 16, 13
MM, 16, 15, 12
MC, 1, 162
MM, 14, 13, 111
MM, 9, 5, 13
MM, 20, 26, 25
MM, 16, 20, 11
MM, 15, 15, 25
MM, 14, 14, 13
MM, 14, 13, 35
MM, 13, 11, 50
MM, 12, 11, 13
MM, 12, 10, 13
MM, 11, 10, 122
MM, 10, 10, 63
MC, 1, 135
MM, 10, 11, 74
MM, 10, 12, 25
MM, 9, 13, 37
MM, 2, 19, 13
MM, 14, 1, 37
MM, 41, 15, 12
MM, 133, 4, 39
MM, 128, 5, 10
MM, 125, 5, 25
MM, 124, 5, 26
MM, 123, 5, 11
MM, 122, 5, 74
MM, 124, 5, 74
MM, 126, 3, 12
MM, 127, 2, 13
MM, 0, 31, 62
MM, 4, 29, 12
MM, 6, 26, 24
MM, 7, 25, 13
MM, 8, 23, 37
MM, 8, 21, 24
MC, 1, 125
MM, 8, 20, 24
MC, 2, 25
MM, 7, 20, 50
MM, 6, 18, 49
MM, 5, 16, 12
MM, 3, 13, 14
MM, 1, 7, 10
MM, 45, 28, 26
MM, 40, 19, 24
MM, 37, 18, 12
MM, 36, 18, 13
MM, 35, 18, 13
MM, 34, 17, 11
MM, 36, 17, 210
MM, 40, 15, 692
MM, 44, 13, 13
MM, 5, 9, 12
MM, 24, 28, 39
MM, 6, 11, 24
MM, 300, 10, 5632
MM, 312, 28, 12
MM, 327, 43, 13
MM, 339, 55, 12
MM, 1, 7, 50
MM, 16, 23, 26
MM, 19, 26, 11
MM, 20, 28, 13
MM, 21, 28, 36
MM, 226, 1, 11971
MM, 233, 8, 24
MM, 246, 15, 25
MM, 258, 20, 11
MM, 276, 37, 26
MM, 283, 47, 12
MM, 291, 55, 13
MM, 301, 63, 11
MM, 13, 1, 298
MM, 40, 26, 24
MM, 17, 12, 25
MM, 34, 27, 24
MM, 37, 30, 25
MM, 38, 30, 24
