**********************************
LOGGING TIME: 20171101_205330
CLIENT IP: 10.102.35.184
USERNAME: sandeep2103
OS: Windows 10
*********************Neutral database**********************************
MM, 80, 3, 1507533520650
MM, 66, 25, 1100
MM, 66, 21, 12
MM, 66, 18, 25
MM, 66, 17, 25
MM, 78, 17, 6586
MM, 94, 17, 11
MM, 102, 17, 13
MM, 108, 17, 25
MM, 109, 17, 13
MM, 110, 17, 11
MM, 114, 17, 13
MM, 121, 17, 12
MM, 130, 17, 13
MM, 145, 17, 12
MM, 161, 17, 12
MM, 172, 18, 13
MM, 0, 18, 12
MM, 61, 16, 9316
MM, 74, 31, 11
MM, 79, 38, 13
MM, 81, 41, 12
MM, 82, 42, 13
MM, 83, 42, 24
MM, 83, 41, 87
MM, 83, 34, 25
MM, 83, 17, 12
MC, 1, 223
MM, 119, 0, 20656
MM, 119, 6, 12
MM, 119, 22, 49
MM, 119, 23, 12
MC, 1, 113
MM, 119, 26, 221
MM, 119, 31, 13
MM, 119, 45, 12
MM, 20, 7, 24
MM, 18, 27, 13
MM, 17, 5, 38
MM, 6, 12, 24
MM, 3, 13, 13
MM, 1, 13, 11
MM, 43, 14, 25
MM, 41, 14, 12
MM, 39, 14, 13
MM, 38, 14, 12
MM, 33, 14, 24
MM, 31, 14, 13
MM, 26, 14, 14
MM, 18, 13, 11
MM, 14, 13, 13
MM, 12, 12, 11
MM, 15, 12, 200
MM, 16, 12, 12
MM, 17, 12, 11
MM, 21, 12, 14
MM, 26, 12, 12
MM, 36, 14, 12
MM, 6, 21, 24
MM, 10, 24, 14
MM, 14, 28, 11
MM, 16, 31, 13
MM, 19, 0, 25
MM, 21, 3, 11
MM, 21, 6, 13
MM, 23, 8, 12
MM, 24, 10, 24
MC, 1, 149
MM, 36, 5, 86
MM, 11, 28, 13
MM, 5, 8, 13
MM, 32, 21, 23
MM, 31, 9, 26
MM, 3, 4, 37
MM, 5, 3, 25
MM, 6, 3, 12
MM, 6, 1, 11
MM, 25, 2, 359
MM, 24, 2, 26
MM, 23, 3, 36
MM, 22, 4, 26
MM, 22, 5, 134
MM, 22, 8, 62
MM, 21, 10, 12
MM, 20, 12, 13
MM, 20, 14, 13
MM, 19, 15, 24
MM, 19, 16, 13
MM, 21, 16, 74
MM, 31, 16, 14
MM, 1, 15, 23
MM, 8, 14, 12
MM, 16, 12, 12
MM, 34, 10, 12
MM, 5, 10, 13
MM, 32, 10, 25
MM, 31, 10, 124
MM, 15, 12, 11
MM, 1, 12, 13
MM, 31, 12, 12
MM, 16, 12, 62
MM, 13, 12, 25
MM, 12, 12, 25
MM, 11, 12, 12
MM, 7, 12, 61
MM, 2, 12, 12
MM, 35, 12, 87
MM, 33, 12, 13
MM, 32, 12, 25
MC, 1, 173
MM, 31, 12, 73
MM, 27, 12, 13
MM, 22, 12, 13
MM, 16, 12, 11
MM, 8, 12, 13
MM, 33, 12, 12
MM, 16, 12, 13
MM, 24, 12, 25
MM, 0, 12, 24
MM, 16, 2, 605
MM, 41, 15, 13
MM, 8, 1, 62
MM, 26, 3, 50
MM, 27, 3, 134
MC, 1, 137
MM, 22, 3, 111
MM, 41, 21, 38
MM, 37, 17, 12
MM, 34, 14, 13
MM, 33, 13, 12
MM, 33, 12, 12
MM, 32, 11, 13
MM, 32, 10, 12
MM, 32, 8, 61
MM, 32, 5, 24
MM, 32, 4, 24
MM, 31, 4, 137
MM, 31, 3, 13
MC, 1, 296
MM, 9, 10, 125
MM, 41, 10, 12
MM, 11, 8, 12
MM, 3, 0, 50
MC, 1, 271
MM, 4, 0, 38
MM, 6, 1, 11
MM, 7, 2, 13
MM, 8, 3, 13
MM, 7, 3, 122
MM, 4, 5, 13
MM, 0, 8, 12
MM, 32, 20, 25
MM, 7, 4, 25
MM, 19, 26, 49
MM, 10, 26, 25
MM, 8, 26, 99
MM, 3, 26, 11
MM, 36, 25, 25
MM, 16, 17, 25
MM, 12, 15, 13
MM, 10, 14, 11
MM, 10, 13, 13
MM, 10, 12, 13
MM, 10, 11, 12
MM, 11, 11, 149
MM, 12, 11, 49
MM, 13, 11, 49
MC, 1, 87
MM, 14, 11, 13
MM, 15, 11, 25
MM, 16, 11, 12
MM, 18, 11, 12
MM, 20, 11, 12
MM, 22, 12, 12
MM, 26, 12, 13
MM, 34, 12, 12
MM, 4, 11, 24
MM, 19, 4, 13
MC, 1, 569
MM, 12, 0, 197
MM, 10, 0, 13
MM, 7, 4, 76
MM, 3, 7, 10
MM, 0, 10, 13
MM, 40, 13, 147
MM, 39, 13, 13
MM, 37, 13, 13
MM, 36, 13, 12
MM, 35, 13, 12
MM, 34, 13, 12
MC, 1, 334
MM, 35, 19, 260
MM, 40, 26, 11
MM, 17, 8, 25
MM, 32, 23, 13
MM, 45, 6, 24
MM, 53, 14, 12
MM, 60, 16, 13
MM, 69, 19, 13
MM, 74, 20, 11
MM, 78, 20, 13
MM, 79, 20, 25
MM, 80, 20, 73
MC, 1, 174
MM, 81, 20, 99
MM, 83, 14, 12
MM, 46, 14, 99
MM, 2, 14, 198
MM, 5, 15, 13
MM, 8, 15, 11
MM, 9, 16, 15
MM, 10, 17, 10
MM, 11, 17, 12
MM, 12, 17, 14
MC, 1, 86
MM, 11, 17, 11
MM, 10, 17, 14
MM, 8, 17, 11
MM, 6, 17, 13
MM, 3, 18, 12
MM, 44, 21, 25
MM, 29, 24, 12
MM, 15, 26, 13
MM, 41, 2, 36
MM, 29, 5, 13
MM, 18, 7, 13
MM, 2, 8, 12
MM, 36, 8, 12
MM, 40, 4, 136
MM, 35, 1, 13
MM, 25, 31, 24
MM, 21, 27, 25
MM, 20, 25, 11
MM, 20, 24, 13
MM, 19, 23, 12
MM, 19, 22, 13
MM, 19, 21, 37
MM, 19, 20, 13
MM, 25, 18, 185
MM, 34, 19, 12
MM, 2, 20, 13
MM, 19, 5, 37
MM, 9, 23, 24
MM, 15, 28, 13
MM, 17, 31, 37
MM, 15, 31, 185
MM, 12, 30, 13
MM, 4, 29, 11
MM, 38, 23, 25
MM, 34, 21, 26
MM, 33, 21, 11
MM, 33, 20, 12
MM, 33, 19, 51
MC, 1, 111
MM, 32, 19, 73
MM, 28, 17, 25
MM, 24, 14, 12
MM, 38, 4, 50
MM, 36, 15, 395
MM, 18, 10, 25
MM, 85, 8, 37
MM, 89, 15, 12
MM, 92, 19, 13
MM, 94, 23, 12
MM, 94, 24, 12
MM, 95, 25, 13
MM, 95, 26, 24
MC, 1, 174
MM, 95, 25, 73
MM, 95, 18, 25
MM, 93, 8, 13
MM, 32, 18, 26
MM, 32, 29, 48
MM, 28, 25, 24
MM, 28, 24, 13
MM, 28, 23, 11
MM, 28, 22, 50
MM, 29, 21, 63
MM, 32, 21, 11
MM, 35, 20, 14
MM, 41, 20, 11
MM, 41, 0, 778
MM, 29, 4, 13
MM, 21, 9, 12
MM, 6, 13, 13
MM, 38, 16, 13
MM, 15, 20, 39
MM, 13, 20, 10
MM, 12, 20, 13
MM, 12, 19, 60
MM, 11, 18, 25
MM, 10, 18, 15
MM, 10, 17, 9
MM, 9, 16, 13
MM, 7, 16, 13
MM, 4, 15, 12
MM, 41, 14, 37
MM, 39, 14, 12
MM, 37, 14, 12
MM, 36, 14, 25
MM, 35, 14, 15
MM, 34, 14, 22
MM, 33, 14, 25
MC, 1, 148
MM, 36, 14, 210
MM, 42, 16, 13
MM, 11, 21, 12
MM, 23, 7, 37
MM, 4, 25, 26
MM, 62, 0, 37
MM, 64, 2, 24
MM, 65, 2, 12
MM, 65, 3, 12
MM, 64, 3, 87
MM, 61, 2, 24
MM, 54, 0, 14
MM, 41, 28, 36
MM, 37, 25, 12
MM, 36, 24, 14
MM, 35, 23, 11
MM, 34, 23, 24
MM, 34, 22, 25
MC, 1, 151
MM, 35, 22, 35
MM, 36, 22, 38
MM, 6, 21, 23
MM, 26, 18, 13
MM, 11, 12, 12
MM, 0, 31, 74
MM, 1, 31, 14
MM, 2, 31, 11
MM, 3, 31, 161
MM, 6, 30, 36
MM, 10, 29, 14
MM, 14, 29, 12
MM, 16, 28, 12
MM, 17, 28, 12
MM, 18, 28, 13
MM, 17, 26, 148
MM, 15, 26, 25
MM, 10, 26, 11
MM, 5, 24, 13
MM, 40, 20, 12
MM, 15, 14, 13
MM, 6, 0, 581
MM, 13, 11, 11
MM, 18, 20, 13
MM, 24, 29, 12
MP, 1, 211
MR, 1, 111
MM, 36, 31, 283
MM, 35, 30, 38
MM, 34, 30, 12
MC, 1, 137
MM, 36, 30, 172
MM, 0, 0, 24
MM, 11, 13, 13
MM, 24, 22, 12
MM, 95, 0, 25
MM, 102, 6, 12
MM, 106, 9, 13
MM, 107, 10, 12
MM, 108, 10, 13
MC, 1, 272
MM, 109, 10, 136
MM, 111, 9, 24
MM, 111, 8, 12
MM, 114, 6, 12
MM, 118, 3, 13
MM, 0, 22, 63
MM, 2, 20, 11
MM, 3, 20, 13
MM, 3, 19, 12
MM, 3, 18, 12
MM, 3, 17, 50
MM, 1, 16, 12
MM, 43, 15, 62
MM, 42, 15, 25
MM, 41, 15, 12
MM, 40, 15, 12
MM, 38, 15, 12
MM, 35, 17, 13
MM, 34, 18, 12
MM, 32, 19, 12
MM, 31, 20, 25
MM, 32, 20, 86
MM, 34, 20, 13
MM, 38, 19, 12
MM, 39, 18, 14
MM, 40, 18, 11
MM, 39, 17, 74
MM, 38, 17, 12
MC, 1, 75
MM, 39, 17, 49
MM, 39, 16, 12
MM, 42, 16, 13
MM, 43, 14, 12
MM, 2, 0, 37
MM, 7, 27, 25
MM, 13, 21, 13
MM, 19, 14, 11
MM, 24, 5, 13
MM, 0, 20, 62
MM, 1, 19, 24
MM, 2, 19, 74
MC, 1, 334
MM, 1, 19, 13
MM, 0, 19, 38
MM, 43, 23, 24
MM, 35, 30, 12
MC, 1, 382
MC, 2, 173
MC, 1, 507
MM, 3, 10, 643
MM, 8, 6, 38
MM, 10, 14, 12
MM, 14, 23, 12
MM, 17, 28, 12
MM, 69, 1, 62
MM, 70, 2, 12
MM, 71, 4, 13
MM, 72, 5, 12
MM, 73, 7, 11
MM, 75, 9, 13
MM, 77, 12, 12
MM, 78, 13, 13
MM, 79, 15, 12
MM, 80, 16, 12
MM, 81, 16, 384
MM, 81, 15, 12
MM, 84, 13, 12
MM, 86, 11, 13
MM, 89, 8, 12
MM, 91, 6, 12
MM, 93, 4, 14
MM, 94, 2, 11
MM, 95, 0, 13
MM, 10, 30, 49
MM, 10, 27, 15
MM, 10, 24, 10
MM, 10, 22, 12
MM, 10, 20, 12
MM, 10, 17, 13
MM, 10, 13, 12
MM, 10, 11, 12
MM, 8, 7, 12
MM, 6, 5, 13
MM, 4, 3, 12
MM, 1, 2, 13
MM, 36, 31, 110
MC, 1, 112
MM, 37, 31, 111
MM, 38, 30, 26
MM, 38, 29, 11
MM, 38, 28, 13
MM, 38, 27, 37
MM, 40, 27, 74
MM, 42, 27, 12
MM, 4, 26, 25
MM, 12, 24, 13
MM, 28, 20, 12
MM, 24, 10, 25
MM, 12, 4, 12
MM, 6, 2, 26
MM, 11, 2, 36
MM, 22, 2, 25
MM, 25, 3, 12
MM, 28, 3, 12
MM, 28, 4, 13
MM, 29, 4, 11
MM, 30, 4, 50
MM, 30, 5, 87
MC, 1, 111
MM, 29, 5, 13
MM, 28, 5, 48
MM, 27, 5, 13
MM, 25, 5, 19
MM, 19, 5, 5
MM, 10, 4, 12
MM, 4, 3, 13
MM, 34, 30, 123
MM, 33, 30, 13
MM, 33, 29, 11
MM, 32, 28, 13
MM, 31, 28, 14
MM, 30, 27, 258
MM, 29, 27, 13
MM, 26, 27, 15
MM, 21, 27, 10
MM, 15, 27, 12
MM, 8, 27, 13
MM, 0, 27, 12
MM, 33, 27, 12
MM, 6, 26, 26
MM, 41, 26, 11
MM, 9, 23, 26
MC, 2, 530
MM, 34, 0, 382
MM, 32, 1, 13
MM, 30, 2, 13
MM, 27, 3, 12
MM, 24, 5, 13
MM, 23, 7, 12
MM, 21, 8, 13
MM, 19, 8, 11
MM, 19, 9, 13
MM, 21, 9, 98
MM, 22, 9, 15
MM, 24, 9, 10
MM, 26, 9, 13
MM, 31, 9, 13
MM, 13, 5, 24
MM, 38, 4, 12
MM, 21, 2, 13
MM, 18, 27, 37
MM, 15, 23, 12
MM, 6, 15, 25
MM, 21, 23, 716
MM, 21, 29, 13
MM, 12, 22, 49
MM, 18, 4, 25
MM, 13, 31, 209
MM, 14, 29, 13
MM, 14, 28, 26
MM, 14, 27, 11
MM, 16, 25, 25
MM, 20, 23, 12
MM, 24, 21, 12
MM, 31, 19, 13
MM, 39, 16, 12
MM, 0, 11, 37
MM, 3, 9, 13
MM, 4, 8, 24
MM, 5, 7, 13
MM, 5, 5, 122
MM, 6, 3, 27
MM, 16, 30, 49
MM, 18, 28, 11
MM, 19, 27, 13
MM, 20, 27, 25
MM, 21, 27, 50
MC, 1, 62
MM, 22, 28, 147
MM, 24, 29, 13
MM, 26, 31, 12
MM, 43, 1, 37
MM, 1, 6, 25
MM, 3, 7, 13
MM, 5, 9, 13
MM, 6, 10, 11
MM, 8, 11, 13
MM, 9, 11, 12
MM, 10, 11, 13
MM, 11, 11, 11
MM, 12, 11, 13
MM, 13, 12, 12
MM, 14, 12, 25
MM, 15, 13, 12
MM, 17, 13, 38
MM, 20, 14, 11
MM, 21, 14, 13
MM, 23, 15, 12
MM, 24, 16, 13
MM, 26, 16, 13
MM, 27, 17, 11
MM, 28, 17, 13
MM, 29, 17, 12
MM, 30, 18, 13
MM, 32, 18, 13
MM, 33, 19, 11
MM, 36, 21, 13
MM, 38, 22, 12
MM, 39, 22, 13
MM, 41, 22, 11
MM, 42, 23, 25
MM, 42, 24, 49
MM, 42, 25, 149
MM, 43, 27, 24
MM, 44, 0, 148
MM, 44, 1, 13
MM, 45, 1, 12
MC, 1, 211
MM, 19, 28, 160
MM, 29, 8, 11
MC, 1, 582
MM, 5, 29, 147
MM, 9, 0, 25
MM, 16, 2, 13
MM, 21, 4, 12
MM, 25, 5, 13
MM, 28, 6, 12
MM, 28, 7, 12
MM, 28, 8, 26
MM, 26, 8, 185
MM, 25, 8, 12
MM, 24, 8, 13
MM, 23, 8, 12
MM, 22, 8, 12
MM, 14, 8, 13
MM, 0, 8, 12
MM, 39, 8, 13
MM, 13, 8, 24
MM, 7, 14, 26
MM, 0, 22, 617
MM, 1, 22, 11
MM, 3, 22, 13
MM, 4, 22, 26
MM, 5, 22, 24
MC, 1, 135
MM, 6, 22, 111
MM, 11, 21, 26
MM, 26, 15, 12
MM, 40, 6, 13
MC, 1, 591
MM, 12, 1, 310
MM, 12, 13, 12
MM, 12, 25, 13
MM, 12, 17, 24
MM, 12, 28, 13
MM, 102, 1, 25
MM, 102, 5, 25
MM, 102, 6, 11
MM, 102, 7, 25
MC, 1, 248
MM, 102, 6, 234
MM, 102, 5, 13
MM, 102, 2, 12
MM, 13, 19, 36
MM, 15, 7, 14
MM, 17, 26, 26
MC, 1, 838
MM, 35, 8, 185
MM, 28, 11, 12
MM, 23, 11, 13
MM, 19, 11, 11
MM, 15, 12, 13
MM, 10, 12, 12
MM, 6, 13, 13
MM, 4, 13, 12
MM, 2, 13, 12
MM, 1, 13, 13
MM, 0, 13, 12
MM, 42, 13, 74
MM, 41, 13, 25
MM, 40, 13, 50
MM, 40, 13, 161
MM, 41, 13, 12
MM, 42, 13, 12
MM, 4, 16, 74
MM, 20, 17, 13
MM, 34, 19, 12
MM, 2, 20, 12
MM, 11, 26, 38
MM, 22, 27, 11
MM, 34, 31, 13
MM, 2, 0, 25
MM, 13, 9, 25
MM, 14, 12, 12
MM, 15, 14, 12
MM, 16, 15, 12
MM, 17, 17, 12
MM, 14, 19, 173
MM, 3, 22, 13
MM, 36, 26, 26
MM, 21, 28, 10
MM, 13, 28, 13
MM, 7, 28, 14
MM, 4, 28, 11
MM, 3, 28, 12
MM, 3, 27, 25
MM, 3, 26, 148
MM, 4, 26, 25
MM, 4, 25, 12
MM, 5, 24, 25
MM, 5, 23, 13
MM, 5, 22, 148
MC, 1, 86
MM, 5, 21, 63
MM, 4, 21, 25
MM, 4, 20, 11
MM, 3, 20, 13
MM, 3, 17, 13
MM, 1, 14, 12
MM, 43, 28, 36
MM, 39, 20, 14
MM, 34, 12, 11
MM, 32, 8, 12
MM, 29, 7, 12
MM, 28, 6, 13
MM, 26, 5, 13
MM, 25, 4, 12
MM, 24, 3, 12
MM, 22, 3, 12
MM, 21, 3, 13
MM, 20, 2, 13
MM, 19, 2, 11
MM, 19, 1, 13
MC, 1, 123
MM, 17, 23, 580
MM, 13, 21, 13
MM, 4, 15, 25
MM, 30, 23, 593
MM, 20, 28, 24
MM, 2, 30, 25
MM, 20, 30, 25
MM, 33, 28, 24
MM, 12, 21, 26
MM, 5, 17, 11
MC, 1, 532
MM, 15, 1, 333
MM, 26, 2, 13
MM, 42, 3, 12
MM, 6, 3, 12
MM, 34, 3, 25
MM, 21, 3, 25
MM, 37, 3, 12
MM, 4, 3, 12
MM, 38, 3, 25
MM, 48, 7, 532
MM, 47, 7, 25
MM, 46, 7, 11
MM, 45, 7, 38
MM, 43, 7, 185
MM, 42, 7, 38
MM, 41, 7, 11
MM, 39, 7, 13
MM, 38, 7, 24
MM, 37, 7, 12
MM, 37, 8, 12
MM, 36, 8, 13
MM, 35, 8, 12
MM, 34, 9, 13
MM, 32, 9, 13
MM, 28, 9, 11
MM, 22, 9, 13
MM, 14, 9, 13
MM, 9, 11, 12
MM, 2, 11, 12
MM, 31, 11, 25
MM, 20, 11, 12
MM, 12, 11, 13
MM, 6, 11, 11
MM, 29, 11, 25
MM, 16, 11, 13
MM, 6, 11, 12
MM, 41, 9, 37
MM, 34, 8, 13
MM, 26, 6, 12
MM, 19, 5, 13
MM, 13, 3, 11
MM, 8, 0, 14
MM, 5, 0, 13
MM, 2, 31, 419
MM, 12, 30, 12
MM, 27, 30, 14
MM, 43, 27, 12
MM, 9, 26, 12
MM, 7, 18, 38
MM, 31, 10, 24
MM, 2, 6, 11
MM, 17, 3, 26
MM, 19, 3, 24
MM, 20, 3, 48
MM, 20, 4, 224
MM, 19, 5, 25
MM, 17, 6, 11
MM, 14, 9, 13
MM, 10, 13, 12
MM, 5, 22, 13
MM, 9, 10, 24
MM, 40, 29, 24
MM, 33, 1, 26
MM, 31, 2, 12
MM, 29, 4, 13
MM, 28, 6, 11
MM, 28, 7, 74
MM, 26, 12, 25
MM, 22, 16, 13
MM, 16, 21, 12
MM, 9, 27, 12
MM, 4, 30, 13
MM, 188, 1, 86
MM, 187, 4, 12
MM, 186, 7, 13
MM, 185, 10, 12
MM, 184, 12, 12
MM, 184, 14, 12
MM, 182, 17, 13
MM, 180, 19, 25
MM, 180, 20, 13
MC, 1, 209
MM, 181, 18, 100
MM, 181, 17, 24
MM, 181, 16, 13
MM, 182, 14, 12
MM, 183, 12, 12
MM, 184, 12, 13
MM, 184, 11, 12
MM, 185, 9, 12
MM, 190, 7, 13
MM, 199, 2, 12
MM, 28, 27, 24
MM, 39, 15, 13
MM, 1, 3, 12
MM, 13, 29, 26
MM, 22, 20, 24
MM, 25, 16, 12
MM, 27, 12, 12
MM, 28, 9, 13
MM, 30, 6, 12
MM, 6, 28, 25
MM, 7, 24, 12
MM, 8, 22, 13
MM, 8, 20, 12
MM, 9, 20, 13
MM, 9, 19, 86
MC, 1, 148
MM, 8, 19, 87
MM, 8, 22, 12
MM, 7, 24, 12
MM, 4, 28, 15
MM, 9, 8, 23
MM, 33, 13, 12
MM, 160, 23, 26
MM, 87, 40, 135
MM, 80, 38, 12
MM, 76, 37, 13
MM, 74, 36, 12
MM, 73, 35, 12
MM, 72, 35, 12
MM, 71, 35, 25
MM, 70, 35, 12
MM, 70, 34, 38
MM, 68, 32, 12
MM, 66, 30, 13
MM, 64, 27, 12
MM, 61, 19, 12
MM, 59, 13, 12
MM, 57, 6, 12
MM, 55, 0, 13
MM, 13, 31, 259
MM, 13, 30, 13
MM, 13, 29, 13
MM, 13, 28, 11
MM, 13, 25, 12
MM, 13, 23, 13
MM, 13, 20, 12
MM, 13, 17, 12
MM, 13, 16, 13
MM, 13, 15, 14
MC, 1, 171
MM, 12, 15, 75
MM, 11, 15, 13
MM, 10, 12, 49
MM, 9, 6, 11
MM, 7, 1, 13
MM, 4, 31, 12
MM, 42, 17, 37
MM, 39, 14, 12
MM, 38, 13, 13
MM, 37, 12, 12
MM, 37, 11, 12
MM, 35, 8, 12
MM, 33, 6, 13
MM, 32, 4, 13
MM, 32, 3, 11
MM, 31, 1, 13
MM, 30, 1, 25
MM, 29, 0, 74
MC, 1, 246
MC, 1, 483
MM, 36, 3, 432
MM, 39, 11, 12
MM, 43, 17, 13
MM, 0, 6, 37
MM, 2, 13, 12
MM, 4, 17, 13
MM, 6, 20, 12
MM, 8, 26, 12
MM, 105, 7, 25
MM, 110, 25, 25
MM, 113, 31, 11
MM, 114, 35, 13
MM, 116, 37, 13
MP, 1, 557
MR, 1, 85
MC, 1, 0
MM, 120, 41, 25
MM, 120, 40, 36
MM, 120, 39, 13
MM, 119, 39, 49
MM, 119, 38, 149
MM, 118, 35, 13
MM, 118, 31, 11
MM, 117, 29, 13
MC, 1, 112
MM, 116, 29, 24
MM, 115, 29, 37
MM, 115, 28, 12
MM, 115, 27, 25
MM, 113, 26, 13
MM, 109, 23, 11
MM, 102, 14, 14
MM, 93, 0, 11
MM, 42, 19, 25
MM, 35, 6, 13
MM, 26, 19, 13
MM, 9, 19, 63
MM, 7, 12, 10
MM, 6, 7, 13
MM, 6, 5, 12
MM, 6, 3, 12
MC, 1, 198
MM, 6, 4, 98
MM, 6, 5, 25
MM, 8, 7, 13
MM, 12, 11, 11
MM, 18, 14, 14
MM, 24, 17, 11
MM, 28, 19, 13
MM, 33, 24, 12
MM, 5, 4, 99
MM, 12, 8, 13
MM, 21, 13, 24
MM, 27, 17, 12
MM, 31, 20, 13
MM, 35, 22, 12
MM, 38, 23, 12
MM, 41, 26, 12
MM, 42, 29, 13
MM, 9, 1, 100
MM, 14, 2, 11
MM, 21, 4, 13
MM, 27, 5, 12
MM, 32, 5, 13
MM, 36, 6, 11
MM, 39, 7, 13
MM, 41, 9, 13
MM, 0, 10, 37
MM, 7, 11, 25
MM, 10, 11, 15
MM, 11, 11, 9
MM, 12, 11, 38
MM, 13, 11, 13
MC, 1, 122
MM, 15, 9, 124
MM, 28, 20, 25
MM, 25, 30, 12
MM, 480, 46, 38
MC, 1, 703
MC, 3, 532
MM, 21, 18, 456
MM, 171, 24, 49
MM, 103, 41, 386
MM, 103, 40, 10
MM, 104, 40, 25
MM, 105, 39, 25
MM, 107, 39, 110
MM, 110, 39, 49
MM, 114, 36, 13
MM, 120, 29, 13
MM, 133, 20, 12
MM, 148, 14, 13
MM, 160, 7, 12
MM, 169, 3, 12
MM, 174, 1, 13
MM, 176, 0, 12
MM, 7, 19, 271
MM, 13, 13, 13
MM, 14, 11, 12
MM, 15, 10, 13
MM, 16, 9, 13
MC, 1, 185
MM, 16, 8, 122
MM, 17, 7, 13
MM, 20, 6, 12
MM, 21, 4, 13
MM, 23, 2, 12
MM, 23, 1, 13
MM, 24, 30, 61
MM, 26, 27, 14
MM, 28, 24, 11
MM, 29, 23, 13
MM, 29, 22, 12
MM, 29, 21, 12
MM, 30, 21, 12
MM, 32, 17, 38
MM, 35, 10, 12
MM, 39, 4, 12
MM, 14, 31, 173
MM, 15, 30, 25
MM, 16, 30, 12
MC, 1, 174
MM, 17, 30, 210
MM, 19, 2, 61
MM, 23, 4, 13
MM, 25, 6, 12
MM, 28, 7, 12
MM, 29, 9, 13
MM, 31, 9, 12
MM, 32, 9, 13
MM, 34, 10, 11
MM, 36, 10, 13
MM, 37, 11, 12
MM, 39, 11, 13
MM, 41, 12, 12
MM, 43, 12, 12
MM, 0, 13, 75
MM, 1, 14, 12
MM, 2, 14, 13
MM, 3, 14, 11
MC, 1, 199
MM, 3, 15, 49
MM, 3, 16, 25
MM, 2, 16, 24
MM, 1, 16, 13
MM, 38, 16, 26
MM, 30, 16, 11
MM, 12, 14, 12
MM, 30, 10, 25
MM, 20, 1, 26
MM, 1, 31, 24
MM, 14, 29, 73
MM, 1, 27, 12
MM, 42, 26, 13
MM, 29, 24, 26
MM, 26, 24, 11
MM, 24, 24, 12
MM, 23, 24, 13
MM, 23, 25, 148
MM, 23, 26, 12
MM, 23, 29, 13
MC, 1, 283
MM, 17, 17, 149
MM, 3, 5, 25
MM, 1, 9, 13
MM, 0, 10, 11
MM, 0, 11, 13
MP, 1, 98
MR, 1, 88
MC, 1, 0
MM, 0, 7, 61
MM, 0, 6, 11
MM, 0, 5, 39
MM, 0, 4, 24
MM, 1, 3, 13
MM, 1, 1, 11
MM, 1, 0, 13
MM, 6, 30, 74
MM, 8, 29, 13
MM, 10, 26, 11
MM, 12, 25, 13
MM, 13, 24, 12
MC, 1, 149
MM, 14, 24, 98
MM, 15, 24, 13
MM, 17, 25, 12
MM, 19, 26, 12
MM, 25, 27, 13
MM, 6, 13, 37
MM, 47, 13, 24
MM, 70, 29, 13
MM, 202, 35, 259
MM, 205, 28, 13
MM, 207, 24, 13
MM, 209, 22, 11
MM, 210, 20, 13
MM, 210, 18, 12
MM, 211, 17, 13
MM, 212, 16, 13
MM, 212, 15, 11
MM, 213, 15, 13
MM, 213, 13, 12
MM, 214, 13, 13
MM, 215, 13, 12
MM, 215, 12, 12
MM, 220, 6, 50
MM, 9, 28, 125
MM, 18, 27, 10
MM, 23, 26, 13
MM, 25, 26, 12
MM, 27, 26, 13
MM, 28, 26, 11
MM, 31, 26, 14
MM, 33, 26, 11
MM, 34, 26, 13
MM, 35, 26, 12
MM, 35, 27, 12
MM, 36, 27, 25
MM, 41, 27, 37
MM, 1, 27, 74
MM, 2, 27, 25
MM, 3, 27, 13
MM, 4, 27, 12
MM, 5, 27, 13
MM, 6, 26, 11
MM, 7, 26, 26
MM, 8, 26, 37
MM, 9, 26, 24
MC, 1, 111
MM, 9, 25, 322
MM, 13, 22, 12
MM, 19, 19, 12
MM, 23, 16, 13
MM, 27, 13, 12
MM, 31, 11, 13
MM, 36, 9, 11
MM, 380, 18, 13859
MM, 398, 36, 11
MM, 72, 1, 272
MM, 72, 4, 12
MM, 72, 5, 38
