**********************************
LOGGING TIME: 20170905_204437
CLIENT IP: 10.145.230.188
USERNAME: sandeep2103
OS: Windows 10
*********************Neutral database**********************************
MM, 119, 5, 1503238553863
MM, 103, 28, 417
MM, 101, 25, 18
MM, 97, 20, 4
MM, 94, 17, 15
MM, 90, 10, 16
MM, 87, 7, 16
MM, 76, 27, 15
MM, 75, 21, 16
MM, 74, 16, 0
MM, 74, 11, 22
MM, 73, 2, 16
MM, 70, 5, 200
MM, 69, 12, 16
MM, 68, 17, 0
MM, 67, 22, 15
MM, 67, 27, 0
MM, 117, 7, 7601
MM, 155, 25, 16
MP, 1, 1741
MR, 1, 31
MC, 1, 0
MC, 1, 285
MC, 1, 6223
MM, 110, 6, 15591
MM, 109, 18, 16
MM, 108, 23, 8
MM, 108, 27, 8
MM, 108, 30, 16
MM, 108, 31, 8
MM, 107, 31, 16
MM, 106, 31, 19
MC, 1, 197
MM, 106, 32, 145
MM, 106, 33, 8
MM, 105, 34, 8
MM, 102, 40, 16
MM, 97, 50, 24
MM, 92, 61, 16
MM, 22, 0, 503
MM, 24, 4, 17
MM, 24, 5, 7
MM, 27, 11, 26
MM, 28, 11, 6
MM, 29, 11, 8
MM, 30, 11, 32
MC, 1, 88
MM, 32, 12, 57
MM, 37, 16, 8
MM, 28, 5, 40
MM, 17, 25, 25
MM, 58, 8, 43
MM, 79, 15, 36
MM, 80, 15, 32
MM, 80, 16, 8
MM, 81, 16, 32
MM, 81, 17, 8
MM, 83, 18, 24
MM, 83, 19, 8
MM, 84, 19, 32
MC, 1, 120
MM, 84, 17, 17
MM, 76, 9, 15
MM, 72, 5, 8
MM, 65, 0, 16
MM, 36, 3, 25
MM, 9, 8, 23
MC, 1, 400
MM, 36, 0, 136
MM, 34, 1, 20
MM, 34, 2, 84
MM, 34, 3, 16
MM, 33, 3, 8
MM, 33, 5, 16
MM, 32, 5, 16
MM, 32, 6, 16
MM, 32, 7, 8
MM, 32, 11, 161
MM, 35, 12, 6
MM, 42, 13, 17
MM, 15, 13, 25
MM, 8, 5, 24
MM, 38, 0, 14
MC, 1, 753
MC, 1, 247
MM, 20, 1, 123
MM, 19, 7, 22
MM, 19, 9, 23
MM, 12, 8, 160
MM, 28, 7, 33
MM, 39, 10, 57
MM, 18, 10, 30
MM, 17, 10, 16
MM, 16, 10, 41
MC, 1, 143
MM, 17, 10, 25
MM, 29, 10, 16
MM, 40, 11, 7
MM, 24, 11, 17
MM, 31, 12, 31
MM, 48, 20, 313
MM, 47, 20, 7
MC, 1, 218
MC, 2, 160
MM, 45, 20, 71
MM, 41, 21, 8
MM, 34, 25, 7
MM, 14, 5, 32
MM, 14, 14, 27
MM, 41, 31, 22
MM, 119, 1, 40
MM, 119, 2, 8
MM, 119, 3, 136
MM, 119, 4, 8
MM, 119, 5, 10
MM, 119, 10, 22
MM, 121, 13, 16
MM, 122, 13, 8
MM, 124, 14, 19
MM, 125, 14, 5
MC, 1, 136
MM, 17, 26, 129
MM, 13, 3, 31
MM, 34, 21, 34
MM, 35, 11, 47
MM, 34, 11, 31
MM, 32, 8, 33
MM, 31, 8, 6
MM, 31, 7, 8
MM, 31, 6, 18
MM, 31, 5, 14
MM, 7, 31, 42
MM, 5, 26, 32
MM, 1, 24, 22
MP, 1, 153
MR, 1, 47
MC, 1, 1
MM, 28, 20, 24
MM, 18, 21, 17
MM, 14, 22, 8
MM, 10, 24, 22
MM, 9, 24, 8
MM, 9, 25, 33
MM, 9, 26, 47
MM, 8, 27, 8
MM, 11, 31, 82
MM, 16, 27, 15
MM, 18, 26, 15
MM, 19, 24, 16
MC, 1, 107
MM, 16, 27, 13
MM, 11, 30, 16
MM, 39, 1, 33
MM, 36, 5, 8
MM, 20, 24, 31
MM, 15, 28, 8
MM, 6, 0, 41
MM, 2, 5, 25
MM, 43, 7, 94
MM, 40, 7, 18
MM, 33, 8, 14
MM, 29, 10, 16
MC, 1, 138
MM, 28, 13, 54
MM, 26, 25, 17
MM, 25, 29, 7
MM, 163, 2, 20
MM, 162, 6, 28
MM, 162, 7, 16
MC, 1, 145
MM, 161, 7, 31
MM, 161, 6, 24
MM, 26, 27, 25
MM, 32, 8, 25
MM, 31, 16, 72
MC, 1, 127
MM, 29, 16, 28
MM, 26, 16, 14
MM, 15, 16, 14
MM, 40, 20, 16
MM, 33, 24, 32
MM, 24, 25, 48
MM, 7, 25, 49
MM, 1, 25, 25
MM, 1, 24, 94
MP, 1, 120
MR, 1, 34
MC, 1, 0
MM, 7, 20, 23
MM, 22, 19, 15
MM, 27, 18, 16
MM, 28, 18, 72
MM, 29, 18, 16
MM, 30, 18, 16
MM, 31, 17, 16
MM, 32, 16, 8
MM, 33, 14, 24
MM, 35, 10, 16
MM, 37, 8, 16
MM, 38, 7, 8
MM, 37, 7, 63
MM, 35, 7, 9
MM, 28, 13, 15
MM, 24, 15, 17
MM, 24, 16, 8
MC, 1, 168
MM, 24, 14, 47
MM, 25, 11, 8
MM, 27, 10, 18
MC, 1, 256
MP, 1, 312
MR, 1, 57
MC, 1, 0
MM, 26, 5, 109
MM, 29, 5, 8
MM, 26, 5, 41
MM, 23, 5, 7
MM, 12, 8, 16
MM, 4, 12, 17
MM, 2, 12, 10
MM, 1, 11, 77
MP, 1, 113
MR, 1, 55
MC, 1, 0
MM, 40, 9, 24
MM, 26, 13, 26
MM, 24, 13, 8
MC, 1, 230
MM, 25, 13, 40
MM, 26, 13, 8
MM, 29, 13, 16
MM, 34, 13, 16
MM, 5, 12, 48
MM, 33, 12, 43
MM, 4, 12, 13
MM, 15, 13, 40
MM, 13, 16, 100
MM, 30, 13, 48
MM, 46, 11, 31
MM, 33, 6, 31
MM, 37, 31, 184
MM, 1, 28, 32
MM, 3, 25, 56
MM, 4, 25, 16
MC, 1, 146
MC, 2, 157
MM, 4, 27, 88
MM, 4, 30, 16
MM, 33, 23, 24
MM, 165, 32, 57
MM, 160, 34, 24
MM, 159, 34, 94
MM, 157, 34, 9
MM, 155, 31, 17
MM, 153, 27, 14
MM, 152, 17, 25
MM, 151, 13, 15
MM, 151, 12, 129
MC, 1, 104
MM, 150, 12, 24
MM, 149, 12, 16
MM, 146, 12, 15
MM, 146, 11, 161
MM, 146, 9, 8
MM, 146, 4, 16
MM, 3, 27, 25
MM, 44, 30, 88
MM, 43, 28, 15
MM, 43, 27, 9
MM, 43, 25, 110
MM, 42, 24, 26
MC, 1, 88
MM, 34, 21, 39
MM, 33, 21, 8
MM, 35, 21, 96
MM, 39, 21, 10
MM, 0, 21, 14
MM, 39, 18, 33
MM, 28, 11, 23
MM, 29, 31, 56
MM, 32, 28, 24
MM, 33, 27, 120
MM, 34, 27, 7
MM, 35, 26, 17
MM, 2, 23, 15
MM, 3, 22, 26
MM, 4, 22, 38
MC, 1, 97
MM, 4, 21, 39
MM, 3, 21, 41
MM, 2, 21, 8
MM, 35, 21, 32
MM, 36, 23, 24
MC, 1, 448
MM, 25, 0, 112
MM, 24, 3, 8
MM, 23, 4, 32
MM, 23, 5, 40
MM, 22, 5, 9
MM, 22, 6, 23
MM, 21, 7, 16
MM, 20, 10, 200
MM, 21, 12, 7
MM, 27, 19, 16
MM, 43, 5, 25
MM, 22, 3, 33
MM, 67, 18, 55
MM, 68, 17, 23
MM, 69, 17, 9
MM, 70, 17, 26
MM, 71, 16, 5
MM, 72, 16, 17
MM, 73, 16, 9
MM, 74, 16, 63
MM, 75, 16, 7
MM, 76, 16, 16
MC, 1, 137
MM, 77, 15, 17
MM, 79, 13, 22
MM, 82, 11, 16
MM, 85, 10, 8
MM, 87, 8, 9
MM, 25, 31, 24
MM, 12, 7, 34
MM, 0, 3, 71
MM, 17, 30, 24
MM, 19, 28, 39
MM, 19, 27, 8
MM, 19, 24, 24
MM, 21, 22, 15
MM, 22, 19, 16
MM, 22, 17, 16
MM, 23, 15, 9
MM, 24, 13, 16
MM, 25, 13, 7
MM, 25, 12, 32
MM, 26, 12, 10
MC, 1, 193
MM, 27, 12, 38
MM, 35, 13, 16
MM, 40, 14, 8
MM, 10, 18, 24
MM, 27, 31, 48
MM, 33, 25, 208
MM, 10, 17, 26
MM, 3, 14, 13
MC, 1, 204
MM, 3, 15, 142
MM, 3, 16, 7
MM, 14, 0, 36
MM, 34, 11, 28
MM, 127, 41, 265
MM, 129, 38, 14
MM, 130, 36, 19
MM, 130, 35, 21
MM, 130, 34, 18
MM, 131, 34, 22
MM, 131, 33, 113
MC, 1, 136
MM, 132, 32, 48
MM, 133, 31, 16
MM, 134, 30, 16
MM, 137, 28, 18
MM, 138, 26, 14
MM, 138, 25, 8
MM, 140, 23, 16
MM, 140, 21, 20
MM, 152, 6, 28
MM, 155, 4, 9
MM, 22, 30, 23
MM, 28, 21, 24
MM, 30, 18, 16
MM, 31, 17, 8
MM, 32, 16, 24
MM, 28, 16, 56
MM, 20, 16, 8
MM, 31, 15, 24
MM, 17, 10, 33
MM, 32, 2, 39
MM, 19, 30, 49
MM, 15, 27, 47
MM, 12, 26, 15
MM, 7, 24, 25
MM, 5, 24, 15
MM, 3, 23, 17
MM, 2, 22, 8
MM, 1, 21, 15
MM, 43, 18, 97
MM, 42, 18, 7
MM, 41, 18, 29
MC, 1, 139
MM, 32, 18, 26
MM, 27, 18, 15
MM, 28, 18, 40
MM, 30, 18, 15
MM, 33, 17, 17
MM, 43, 15, 7
MM, 8, 12, 16
MM, 3, 7, 35
MM, 1, 2, 48
MM, 24, 28, 55
MM, 31, 25, 42
MM, 39, 23, 13
MM, 7, 20, 16
MM, 9, 7, 44
MM, 19, 2, 28
MC, 1, 241
MM, 18, 3, 38
MM, 17, 5, 16
MM, 17, 6, 16
MM, 16, 8, 16
MM, 16, 10, 17
MM, 16, 12, 16
MM, 16, 14, 15
MM, 16, 15, 49
MM, 14, 15, 23
MM, 13, 17, 9
MM, 7, 22, 23
MM, 14, 9, 26
MM, 4, 28, 14
MM, 35, 22, 33
MM, 29, 29, 24
MM, 28, 29, 71
MM, 27, 29, 32
MM, 27, 28, 49
MM, 27, 27, 15
MM, 27, 26, 8
MM, 27, 22, 17
MM, 28, 20, 15
MM, 28, 19, 9
MC, 1, 104
MM, 27, 19, 15
MM, 13, 19, 25
MM, 2, 19, 16
MM, 36, 15, 25
MM, 19, 9, 22
MM, 38, 28, 33
MM, 19, 18, 24
MM, 36, 3, 24
MC, 1, 416
MC, 1, 384
MM, 6, 12, 114
MM, 17, 18, 46
MM, 11, 20, 41
MM, 20, 21, 39
MM, 21, 21, 8
MC, 1, 207
MM, 20, 21, 48
MM, 19, 22, 9
MM, 16, 26, 23
MM, 14, 27, 9
MM, 43, 2, 33
MM, 33, 6, 33
MM, 33, 16, 30
MM, 34, 16, 16
MM, 34, 17, 47
MC, 1, 200
MM, 28, 16, 26
MM, 35, 11, 22
MM, 39, 31, 50
MM, 12, 19, 32
MM, 10, 19, 7
MM, 1, 13, 32
MM, 43, 8, 16
MM, 38, 4, 25
MM, 37, 2, 23
MM, 36, 1, 16
MC, 1, 279
MM, 43, 7, 145
MM, 43, 8, 16
MM, 43, 9, 34
MM, 42, 10, 14
MM, 40, 10, 32
MC, 1, 136
MM, 39, 10, 17
MM, 37, 11, 24
MM, 37, 12, 7
MM, 37, 13, 16
MM, 16, 13, 104
MM, 37, 25, 24
MM, 0, 30, 27
MM, 104, 0, 69
MM, 119, 11, 33
MM, 120, 12, 16
MM, 122, 12, 14
MM, 122, 13, 40
MM, 123, 13, 8
MM, 125, 14, 16
MC, 1, 128
MM, 126, 14, 74
MM, 130, 10, 15
MM, 132, 9, 10
MM, 135, 5, 22
MM, 136, 0, 23
MM, 8, 28, 40
MM, 18, 16, 25
MM, 27, 6, 16
MM, 38, 23, 36
MM, 43, 15, 28
MM, 1, 1, 40
MM, 20, 29, 24
MM, 36, 12, 44
MM, 43, 5, 20
MM, 0, 1, 104
MC, 1, 185
MM, 6, 2, 24
MM, 3, 10, 33
MM, 4, 10, 486
MM, 5, 10, 16
MM, 6, 10, 8
MM, 8, 10, 16
MM, 11, 10, 24
MM, 13, 11, 16
MM, 16, 12, 16
MM, 18, 13, 16
MM, 8, 20, 24
MM, 3, 24, 33
MM, 24, 23, 31
MM, 34, 20, 17
MP, 1, 215
MR, 1, 64
MC, 1, 0
MM, 33, 19, 376
MM, 20, 18, 25
MM, 10, 17, 27
MM, 7, 16, 12
MM, 33, 13, 41
MM, 25, 12, 24
MM, 22, 12, 23
MM, 21, 12, 8
MM, 18, 12, 32
MM, 14, 12, 8
MM, 6, 14, 26
MM, 4, 14, 14
MM, 3, 14, 49
MM, 0, 14, 7
MM, 32, 14, 16
MM, 25, 15, 27
MC, 1, 125
MM, 24, 15, 32
MM, 23, 15, 19
MM, 22, 15, 5
MM, 21, 16, 24
MM, 16, 19, 15
MM, 2, 27, 18
MM, 7, 5, 30
MM, 0, 3, 34
MM, 34, 20, 32
MM, 32, 24, 22
MM, 31, 24, 72
MM, 30, 24, 17
MM, 29, 25, 15
MM, 24, 25, 19
MM, 23, 25, 5
MM, 24, 25, 40
MM, 27, 24, 18
MM, 43, 21, 23
MM, 1, 20, 8
MM, 33, 14, 41
MM, 38, 12, 6
MC, 1, 177
MM, 37, 12, 25
MM, 34, 12, 14
MM, 25, 11, 16
MM, 34, 11, 33
MM, 29, 8, 33
MM, 19, 3, 39
MM, 23, 31, 103
MM, 22, 31, 9
MM, 19, 30, 23
MM, 18, 29, 8
MM, 17, 28, 56
MC, 1, 122
MM, 18, 26, 15
MM, 20, 25, 16
MM, 30, 22, 34
MM, 40, 18, 14
MM, 5, 15, 16
MP, 1, 240
MR, 1, 32
MC, 1, 224
MC, 1, 363
MM, 35, 5, 103
MM, 12, 9, 41
MM, 11, 10, 6
MC, 1, 185
MM, 17, 9, 34
MM, 40, 8, 31
MM, 16, 7, 20
MM, 0, 4, 42
MC, 1, 186
MM, 3, 4, 32
MM, 11, 5, 22
MM, 14, 6, 14
MM, 16, 7, 18
MM, 21, 10, 22
MM, 25, 14, 25
MM, 30, 18, 48
MM, 36, 21, 16
MM, 35, 10, 40
MM, 126, 2, 53
MM, 126, 3, 5
MM, 127, 3, 40
MM, 130, 3, 38
MM, 133, 3, 26
MM, 134, 3, 32
MM, 134, 4, 5
MM, 135, 4, 49
MM, 135, 5, 11
MC, 1, 196
MM, 135, 4, 42
MM, 137, 2, 24
MM, 140, 0, 8
MM, 17, 30, 24
MM, 10, 9, 33
MM, 2, 14, 47
MM, 30, 31, 61
MM, 31, 31, 28
MM, 33, 29, 32
MM, 34, 29, 13
MM, 35, 28, 8
MM, 5, 23, 64
MM, 8, 23, 17
MM, 10, 22, 15
MM, 10, 21, 96
MM, 11, 20, 16
MM, 12, 20, 16
MM, 12, 19, 8
MM, 12, 18, 10
MC, 1, 103
MM, 6, 18, 25
MM, 30, 20, 14
MM, 13, 26, 36
MP, 1, 397
MR, 1, 31
MM, 41, 3, 9
MM, 40, 4, 16
MM, 39, 4, 8
MC, 1, 320
MM, 39, 5, 63
MM, 37, 6, 8
MM, 31, 12, 17
MM, 28, 16, 16
MM, 12, 5, 23
MM, 9, 16, 16
MM, 50, 3, 32
MM, 54, 17, 33
MM, 55, 17, 23
MM, 56, 18, 8
MM, 51, 16, 187
MM, 30, 6, 22
MM, 12, 28, 25
MM, 3, 15, 18
MM, 43, 18, 37
MM, 2, 9, 225
MM, 11, 12, 33
MM, 13, 12, 14
MC, 1, 151
MM, 14, 12, 40
MM, 15, 12, 8
MM, 32, 9, 24
MM, 9, 7, 18
MM, 10, 1, 33
MM, 2, 29, 134
MM, 11, 27, 25
MM, 15, 23, 26
MM, 17, 23, 12
MM, 19, 21, 17
MM, 20, 20, 15
MC, 1, 185
MM, 14, 20, 25
MM, 25, 21, 41
MM, 32, 25, 38
MM, 7, 26, 25
MM, 14, 0, 46
MM, 40, 1, 17
MM, 38, 1, 15
MM, 35, 1, 40
MC, 1, 488
MM, 0, 3, 147
MM, 18, 27, 22
MM, 38, 13, 56
MM, 39, 14, 25
MM, 41, 14, 39
MM, 40, 14, 176
MM, 38, 14, 8
MM, 36, 14, 16
MM, 30, 14, 16
MM, 29, 14, 8
MC, 1, 153
MM, 30, 14, 48
MM, 31, 14, 7
MM, 36, 14, 16
MM, 11, 14, 34
MM, 14, 21, 30
MM, 15, 23, 40
MM, 28, 23, 48
MM, 29, 23, 15
MM, 30, 23, 25
MM, 31, 23, 7
MM, 38, 23, 25
MM, 40, 23, 7
MM, 42, 23, 16
MM, 43, 23, 19
MM, 43, 23, 117
MM, 40, 24, 16
MM, 38, 24, 28
MM, 36, 24, 21
MM, 31, 24, 15
MM, 28, 24, 16
MC, 1, 145
MM, 29, 24, 55
MM, 33, 24, 16
MM, 35, 24, 8
MM, 1, 10, 80
MM, 270, 0, 2161
MM, 270, 2, 391
MM, 273, 10, 18
MM, 282, 20, 15
MM, 31, 17, 64
MM, 40, 27, 17
MM, 40, 26, 94
MM, 40, 25, 1177
MM, 43, 23, 16
MM, 44, 21, 8
MM, 52, 14, 16
MM, 62, 5, 16
MM, 79, 0, 12296
MM, 75, 3, 15
MM, 73, 5, 41
MM, 71, 7, 16
MM, 70, 8, 15
MM, 67, 10, 16
MM, 67, 12, 16
MM, 66, 12, 8
MM, 65, 15, 32
MM, 60, 25, 25
MM, 56, 33, 15
MM, 54, 35, 8
MM, 52, 37, 312
MM, 53, 35, 25
MM, 54, 30, 40
MM, 57, 20, 23
