**********************************
LOGGING TIME: 20170909_195002
CLIENT IP: 10.145.230.188
USERNAME: sandeep2103
OS: Windows 10
*********************Neutral database**********************************
MM, 220, 0, 1503238553931
MM, 41, 11, 629
MM, 150, 28, 63
MM, 145, 27, 12
MM, 132, 25, 37
MM, 128, 24, 12
MM, 123, 23, 12
MM, 119, 22, 13
MM, 109, 19, 36
MM, 105, 17, 13
MM, 104, 16, 12
MM, 104, 15, 13
MM, 103, 19, 6353
MM, 98, 27, 13
MM, 86, 11, 25
MM, 100, 10, 5823
MM, 112, 8, 11
MM, 125, 7, 12
MM, 138, 7, 14
MM, 168, 4, 36
MM, 4, 3, 75
MM, 11, 4, 11
MC, 1, 5527
MM, 163, 19, 53710
MM, 163, 53, 37
MM, 5, 3, 136
MM, 1, 8, 27
MM, 0, 8, 10
MC, 1, 864
MM, 9, 24, 309
MM, 14, 17, 61
MM, 40, 12, 51
MM, 43, 11, 22
MP, 1, 197
MR, 1, 101
MC, 1, 0
MM, 43, 11, 110
MM, 42, 11, 12
MM, 39, 11, 25
MM, 38, 11, 16
MM, 36, 11, 8
MM, 35, 11, 15
MC, 1, 147
MM, 35, 12, 39
MM, 33, 13, 60
MM, 31, 17, 11
MM, 28, 26, 13
MM, 0, 8, 25
MM, 28, 28, 25
MM, 18, 4, 51
MM, 14, 15, 48
MM, 13, 16, 24
MM, 11, 18, 308
MM, 8, 18, 12
MM, 4, 18, 13
MM, 2, 18, 12
MM, 0, 18, 13
MM, 42, 19, 283
MM, 38, 20, 13
MM, 35, 20, 12
MM, 34, 20, 25
MM, 33, 20, 12
MC, 1, 160
MM, 34, 20, 76
MC, 2, 134
MM, 32, 20, 149
MM, 24, 19, 12
MM, 15, 11, 12
MM, 16, 18, 25
MC, 1, 408
MC, 1, 493
MM, 17, 8, 146
MM, 22, 19, 27
MM, 24, 23, 11
MM, 26, 28, 13
MM, 26, 31, 12
MM, 28, 0, 37
MM, 36, 13, 138
MM, 38, 16, 10
MM, 41, 17, 13
MM, 0, 22, 38
MM, 5, 25, 24
MM, 6, 27, 11
MM, 9, 27, 26
MM, 11, 27, 110
MM, 13, 27, 13
MM, 18, 27, 12
MM, 23, 27, 12
MM, 27, 27, 12
MM, 29, 27, 13
MM, 32, 27, 12
MM, 33, 27, 13
MM, 34, 27, 12
MM, 35, 27, 12
MM, 33, 27, 322
MM, 32, 27, 25
MM, 31, 26, 109
MM, 30, 26, 16
MM, 30, 27, 380
MM, 29, 29, 12
MM, 29, 31, 12
MM, 118, 7, 705
MM, 118, 22, 26
MM, 118, 28, 10
MM, 118, 32, 12
MM, 118, 34, 14
MM, 118, 36, 12
MM, 118, 37, 24
MC, 1, 197
MM, 117, 37, 74
MM, 117, 36, 25
MM, 117, 35, 49
MM, 117, 34, 14
MM, 117, 31, 24
MM, 117, 27, 13
MM, 117, 15, 12
MM, 117, 6, 11
MP, 1, 260
MR, 1, 86
MC, 1, 0
MM, 29, 31, 147
MM, 29, 30, 13
MM, 29, 25, 25
MM, 29, 22, 211
MC, 1, -38
MC, 1, 925
MM, 28, 22, 444
MM, 27, 23, 13
MM, 41, 18, 74
MM, 41, 0, 13
MM, 28, 15, 1012
MM, 4, 25, 25
MM, 14, 27, 480
MM, 8, 22, 15
MM, 0, 9, 23
MM, 5, 30, 222
MM, 12, 26, 36
MM, 12, 25, 25
MC, 1, 210
MM, 13, 25, 12
MM, 17, 25, 186
MM, 30, 28, 11
MM, 22, 12, 26
MM, 20, 5, 24
MM, 52, 23, 38
MM, 61, 30, 24
MM, 63, 31, 12
MM, 64, 31, 75
MM, 65, 31, 37
MM, 68, 31, 24
MM, 69, 31, 12
MM, 74, 30, 13
MM, 78, 29, 12
MM, 82, 27, 14
MM, 85, 27, 10
MM, 87, 26, 13
MM, 109, 23, 98
MM, 110, 23, 38
MM, 111, 21, 12
MM, 112, 18, 12
MM, 113, 16, 13
MM, 114, 14, 12
MM, 115, 12, 13
MM, 116, 11, 11
MM, 117, 9, 13
MM, 117, 8, 12
MM, 119, 4, 99
MM, 15, 27, 37
MM, 14, 26, 28
MM, 27, 12, 34
MM, 24, 14, 76
MM, 19, 18, 11
MM, 16, 22, 12
MM, 12, 26, 27
MM, 9, 27, 10
MM, 23, 7, 41
MM, 1, 14, 36
MM, 133, 6, 35
MM, 132, 8, 12
MM, 133, 7, 185
MM, 134, 5, 13
MM, 135, 3, 11
MM, 7, 31, 40
MM, 29, 0, 36
MM, 34, 28, 23
MM, 36, 26, 25
MM, 36, 28, 113
MM, 36, 31, 13
MM, 37, 0, 293
MM, 36, 2, 136
MM, 35, 4, 12
MM, 34, 6, 12
MM, 33, 7, 13
MM, 31, 8, 395
MM, 28, 8, 13
MM, 9, 11, 73
MM, 1, 5, 41
MM, 0, 5, 9
MM, 0, 4, 12
MM, 42, 4, 51
MM, 27, 10, 24
MM, 14, 16, 24
MM, 9, 18, 13
MM, 9, 31, 357
MM, 9, 30, 12
MM, 10, 28, 28
MM, 10, 26, 243
MM, 8, 25, 99
MM, 4, 24, 13
MM, 39, 19, 25
MM, 32, 16, 26
MM, 30, 15, 11
MC, 1, 210
MM, 30, 18, 86
MM, 31, 27, 13
MM, 42, 5, 25
MM, 16, 13, 38
MM, 40, 32, 22
MM, 52, 38, 26
MM, 54, 38, 12
MM, 56, 39, 12
MM, 56, 40, 15
MM, 64, 39, 109
MM, 71, 35, 86
MM, 71, 34, 74
MM, 71, 33, 149
MM, 71, 32, 60
MC, 1, 100
MM, 73, 32, 122
MM, 74, 32, 13
MM, 80, 32, 12
MM, 89, 28, 13
MM, 99, 21, 11
MM, 116, 13, 13
MM, 4, 29, 309
MM, 6, 26, 12
MM, 7, 24, 40
MM, 10, 23, 22
MM, 16, 21, 26
MM, 16, 20, 11
MC, 1, 542
MM, 11, 20, 211
MM, 4, 50, 86
MM, 4, 0, 322
MM, 9, 9, 37
MM, 9, 12, 11
MM, 9, 15, 13
MC, 1, 629
MM, 11, 15, 111
MM, 16, 16, 12
MM, 26, 19, 14
MM, 34, 21, 11
MM, 5, 24, 24
MM, 20, 24, 39
MC, 1, 555
MM, 21, 24, 87
MM, 24, 24, 11
MM, 29, 25, 13
MM, 3, 25, 36
MM, 25, 25, 29
MM, 3, 22, 21
MM, 18, 19, 51
MM, 19, 19, 48
MC, 1, 506
MM, 20, 19, 160
MM, 24, 21, 13
MM, 30, 27, 12
MM, 41, 1, 13
MM, 105, 0, 49
MM, 109, 9, 36
MM, 111, 16, 13
MM, 116, 40, 24
MM, 140, 34, 581
MM, 162, 9, 26
MM, 171, 3, 11
MM, 12, 31, 49
MM, 1, 26, 88
MM, 8, 24, 10
MM, 19, 19, 25
MM, 23, 14, 13
MM, 25, 10, 11
MM, 29, 2, 27
MM, 30, 0, 11
MM, 35, 7, 1247
MM, 25, 28, 27
MM, 9, 1, 37
MM, 43, 30, 60
MM, 33, 24, 25
MM, 31, 23, 26
MM, 31, 22, 121
MM, 30, 16, 37
MM, 28, 7, 12
MC, 1, 555
MM, 28, 12, 223
MM, 30, 0, 99
MM, 30, 1, 98
MM, 28, 3, 13
MM, 25, 4, 11
MM, 22, 11, 13
MM, 16, 28, 25
MM, 103, 1, 25
MM, 102, 6, 24
MM, 102, 7, 13
MC, 1, 557
MM, 102, 6, 183
MM, 109, 4, 13
MM, 120, 2, 14
MM, 22, 31, 60
MM, 7, 28, 26
MM, 0, 15, 88
MM, 10, 5, 35
MM, 16, 28, 52
MM, 18, 20, 33
MM, 19, 18, 13
MM, 19, 16, 49
MM, 19, 15, 12
MM, 19, 14, 12
MM, 19, 12, 12
MM, 19, 11, 25
MM, 20, 11, 37
MC, 1, 432
MM, 20, 9, 161
MM, 15, 2, 13
MM, 30, 31, 12
MM, 17, 7, 38
MM, 16, 3, 14
MM, 15, 2, 8
MM, 14, 2, 25
MC, 1, 556
MM, 13, 2, 135
MM, 11, 6, 13
MM, 6, 15, 13
MM, 31, 28, 13
MM, 33, 17, 38
MM, 41, 4, 72
MM, 37, 6, 13
MM, 33, 10, 26
MM, 32, 10, 10
MM, 31, 12, 25
MM, 29, 14, 12
MM, 29, 17, 13
MM, 28, 20, 24
MM, 27, 21, 13
MM, 26, 21, 36
MC, 1, 494
MM, 25, 21, 186
MM, 21, 18, 14
MM, 17, 12, 11
MM, 9, 3, 24
MM, 5, 0, 12
MM, 42, 31, 161
MM, 41, 30, 12
MM, 40, 29, 26
MM, 39, 29, 36
MM, 38, 27, 12
MM, 36, 23, 13
MM, 35, 23, 11
MM, 34, 21, 25
MC, 1, 460
MM, 33, 21, 145
MM, 29, 21, 14
MM, 24, 21, 10
MM, 19, 23, 13
MM, 7, 25, 27
MM, 2, 25, 13
MM, 42, 25, 9
MM, 23, 19, 51
MM, 20, 16, 11
MM, 19, 13, 12
MM, 14, 10, 28
MM, 12, 8, 9
MM, 11, 7, 14
MM, 9, 7, 24
MM, 6, 5, 12
MC, 1, 827
MC, 1, 863
MM, 34, 3, 160
MM, 5, 8, 52
MM, 19, 7, 23
MM, 23, 6, 25
MM, 23, 5, 86
MM, 22, 2, 36
MM, 16, 3, 372
MM, 25, 27, 25
MM, 26, 2, 23
MM, 25, 12, 26
MM, 23, 17, 23
MM, 23, 18, 74
MM, 23, 19, 26
MM, 22, 22, 12
MM, 22, 24, 13
MM, 21, 25, 11
MM, 20, 28, 25
MM, 108, 4, 62
MM, 107, 8, 25
MM, 107, 9, 50
MM, 107, 10, 24
MC, 1, 409
MM, 108, 8, 184
MM, 110, 6, 12
MM, 28, 24, 26
MM, 35, 20, 24
MC, 1, 1245
MM, 6, 21, 297
MM, 21, 25, 24
MM, 29, 28, 25
MM, 32, 29, 12
MM, 34, 30, 13
MM, 23, 0, 160
MM, 23, 3, 27
MM, 23, 5, 10
MM, 23, 7, 27
MM, 22, 8, 11
MM, 22, 9, 12
MM, 22, 10, 12
MM, 22, 11, 24
MM, 22, 12, 16
MC, 1, 404
MM, 20, 13, 185
MM, 16, 15, 13
MM, 5, 19, 11
MM, 45, 20, 13
MM, 36, 14, 51
MM, 29, 8, 37
MM, 10, 7, 37
MM, 2, 6, 24
MM, 0, 6, 24
MM, 1, 6, 272
MM, 7, 6, 11
MM, 12, 6, 25
MM, 13, 6, 49
MC, 1, 446
MM, 14, 6, 147
MM, 16, 8, 13
MM, 20, 10, 12
MM, 14, 28, 38
MM, 10, 4, 37
MM, 0, 7, 50
MM, 20, 7, 38
MM, 36, 7, 22
MM, 2, 7, 62
MM, 6, 7, 13
MM, 22, 10, 24
MM, 33, 10, 25
MM, 35, 10, 12
MM, 36, 10, 13
MM, 37, 10, 73
MM, 38, 11, 13
MM, 41, 11, 24
MM, 43, 12, 12
MM, 2, 16, 40
MM, 13, 20, 23
MM, 18, 22, 25
MC, 1, 482
MM, 19, 24, 418
MM, 19, 25, 13
MM, 19, 27, 11
MM, 159, 0, 49
MM, 159, 3, 13
MM, 159, 5, 39
MM, 159, 6, 97
MM, 161, 6, 557
MM, 165, 6, 11
MM, 168, 6, 13
MM, 190, 6, 24
MM, 204, 5, 14
MM, 42, 31, 49
MM, 17, 21, 23
MM, 24, 1, 2024
MM, 20, 15, 27
MM, 1, 23, 73
MM, 0, 23, 38
MM, 0, 22, 37
MM, 0, 20, 11
MM, 40, 9, 149
MM, 36, 3, 26
MC, 1, 1207
MM, 10, 3, 149
MM, 40, 22, 40
MM, 26, 28, 35
MM, 32, 30, 38
MM, 32, 27, 132
MM, 32, 26, 13
MM, 32, 24, 13
MM, 31, 24, 187
MC, 1, 381
MM, 30, 24, 160
MM, 25, 25, 12
MM, 8, 30, 26
MM, 30, 23, 25
MC, 1, 926
MM, 6, 6, 209
MM, 32, 16, 25
MM, 11, 27, 23
MM, 27, 0, 51
MM, 29, 0, 40
MM, 13, 24, 61
MM, 17, 10, 23
MM, 20, 15, 49
MM, 42, 30, 1924
MM, 152, 37, 111
MM, 148, 19, 27
MM, 148, 14, 9
MM, 148, 9, 38
MC, 1, 557
MM, 146, 9, 283
MM, 138, 8, 12
MM, 127, 4, 11
MM, 9, 28, 38
MC, 1, 840
MM, 8, 3, 174
MM, 31, 0, 37
MM, 29, 5, 48
MM, 16, 6, 63
MM, 43, 11, 50
MM, 37, 25, 146
MM, 31, 19, 38
MM, 30, 18, 23
MM, 29, 18, 27
MC, 1, 443
MM, 28, 18, 185
MM, 25, 18, 12
MM, 22, 18, 12
MM, 10, 18, 25
MM, 44, 18, 37
MM, 13, 18, 26
MM, 42, 18, 24
MM, 28, 14, 37
MC, 1, 863
MM, 8, 9, 185
MM, 3, 30, 27
MM, 7, 13, 49
MM, 28, 19, 37
MM, 31, 20, 23
MM, 32, 20, 14
MM, 33, 20, 11
MM, 33, 21, 37
MC, 1, 507
MM, 35, 25, 171
MM, 180, 6, 26
MM, 144, 40, 284
MM, 144, 39, 10
MC, 1, 508
MM, 141, 37, 346
MM, 132, 29, 12
MM, 17, 30, 25
MM, 37, 1, 37
MM, 11, 26, 39
MM, 8, 24, 23
MM, 7, 24, 38
MM, 5, 20, 36
MM, 3, 18, 11
MM, 3, 15, 13
MM, 2, 11, 27
MM, 2, 9, 9
MM, 2, 3, 25
MM, 2, 1, 13
MC, 1, 556
MC, 1, 802
MM, 6, 0, 135
MM, 21, 11, 28
MM, 23, 13, 9
MM, 24, 13, 25
MM, 24, 14, 12
MC, 1, 568
MM, 23, 14, 395
MM, 20, 14, 13
MM, 19, 13, 14
MM, 14, 8, 22
MM, 11, 5, 13
MM, 9, 2, 11
MC, 1, 889
MM, 4, 31, 180
MM, 21, 5, 31
MM, 42, 7, 25
MM, 16, 8, 50
MM, 22, 8, 40
MM, 28, 8, 20
MM, 33, 8, 25
MM, 34, 8, 12
MM, 40, 5, 51
MM, 16, 31, 208
MM, 16, 28, 13
MM, 17, 21, 25
MM, 17, 18, 25
MC, 1, 493
MM, 16, 19, 419
MM, 13, 21, 12
MM, 10, 22, 14
MM, 0, 23, 13
MM, 29, 23, 22
MM, 25, 23, 39
MM, 23, 1, 421
MM, 23, 3, 24
MM, 22, 3, 13
MM, 22, 4, 22
MC, 1, 407
MM, 20, 4, 197
MM, 16, 4, 13
MM, 6, 0, 12
MC, 1, 754
MC, 1, 741
MM, 31, 0, 320
MM, 28, 0, 26
MM, 22, 1, 23
MM, 18, 1, 12
MM, 41, 4, 50
MM, 32, 6, 50
MM, 30, 7, 25
MM, 28, 9, 60
MM, 24, 16, 12
MC, 1, 383
MM, 25, 16, 124
MM, 27, 16, 12
MM, 29, 17, 14
MM, 43, 17, 25
MM, 8, 17, 11
MM, 17, 17, 38
MM, 13, 1, 38
MC, 1, 923
MC, 1, 1188
MM, 13, 0, 169
MM, 21, 12, 25
MM, 23, 15, 25
MM, 23, 16, 25
MM, 24, 16, 27
MC, 1, 750
MM, 26, 16, 444
MM, 32, 16, 13
MM, 39, 16, 13
MM, 5, 18, 25
MM, 31, 2, 49
MM, 22, 11, 26
MM, 25, 24, 49
MM, 4, 25, 50
MM, 7, 25, 22
MM, 10, 25, 198
MM, 18, 24, 13
MM, 28, 20, 13
MM, 39, 16, 11
MM, 4, 10, 25
MM, 18, 10, 37
MM, 19, 10, 12
MC, 1, 619
MM, 21, 10, 899
MM, 23, 10, 12
MM, 26, 10, 12
MM, 35, 11, 25
MM, 11, 3, 37
MM, 28, 3, 13
MM, 195, 3, 132692
MM, 191, 30, 26
MM, 191, 50, 14
MM, 2, 16, 74
MM, 12, 20, 701
MM, 21, 25, 13
MM, 30, 4, 24
MM, 17, 1, 63
MM, 15, 20, 49
MM, 0, 30, 111
MM, 5, 29, 25
MM, 10, 27, 23
MM, 33, 26, 37
MM, 41, 26, 14
MM, 50, 26, 23
MM, 56, 26, 37
