**********************************
LOGGING TIME: 20170909_195656
CLIENT IP: 10.145.230.188
USERNAME: sandeep2103
OS: Windows 10
*********************Neutral database**********************************
MM, 45, 9, 1503238553733
MM, 138, 27, 568
MM, 128, 18, 13
MM, 119, 10, 12
MM, 113, 3, 13
MM, 109, 22, 61
MM, 118, 4, 12
MM, 122, 5, 483
MM, 118, 15, 11
MM, 113, 24, 13
MM, 102, 26, 345
MM, 104, 18, 13
MM, 104, 14, 13
MM, 105, 13, 11
MM, 105, 12, 13
MM, 105, 14, 99
MM, 105, 15, 11
MM, 105, 17, 13
MM, 105, 18, 49
MM, 104, 19, 62
MC, 1, 371
MM, 108, 18, 10106
MM, 115, 18, 12
MM, 128, 22, 13
MM, 175, 0, 37
MM, 19, 9, 12
MM, 45, 18, 12
MM, 66, 26, 13
MM, 269, 3, 1653
MM, 264, 11, 37
MM, 264, 0, 86
MC, 1, 641
MC, 1, 8230
MC, 1, 951
MM, 166, 1, 14966
MM, 168, 12, 36
MM, 168, 13, 14
MM, 168, 7, 73
MM, 40, 10, 320
MM, 17, 19, 13
MM, 10, 19, 247
MM, 24, 11, 11
MP, 1, 2436
MR, 1, 131
MC, 1, 0
MM, 228, 11, 2888
MM, 228, 22, 11
MM, 228, 28, 14
MM, 228, 34, 24
MC, 1, 160
MM, 225, 38, 1014
MM, 211, 63, 35
MM, 40, 20, 124
MM, 38, 1, 39
MM, 39, 8, 49
MM, 33, 13, 24
MM, 29, 18, 25
MM, 27, 24, 11
MM, 25, 29, 12
MM, 31, 3, 61
MM, 27, 20, 26
MM, 22, 27, 11
MM, 12, 1, 39
MC, 1, 195
MM, 12, 0, 62
MM, 16, 31, 38
MM, 21, 13, 25
MM, 21, 9, 12
MM, 22, 7, 14
MM, 22, 6, 22
MM, 23, 6, 371
MM, 33, 6, 25
MM, 13, 6, 26
MM, 41, 2, 23
MM, 29, 25, 64
MM, 22, 30, 36
MM, 34, 4, 751
MM, 34, 17, 26
MM, 29, 28, 37
MM, 42, 26, 258
MM, 40, 22, 12
MM, 36, 20, 25
MM, 34, 20, 11
MM, 32, 20, 13
MM, 27, 22, 13
MM, 20, 26, 12
MM, 10, 29, 13
MM, 43, 28, 61
MM, 43, 25, 12
MM, 40, 22, 25
MM, 39, 19, 12
MM, 38, 18, 12
MM, 35, 13, 74
MM, 34, 13, 13
MM, 33, 13, 25
MM, 34, 11, 308
MM, 37, 11, 12
MM, 41, 10, 13
MM, 5, 10, 25
MM, 14, 10, 25
MM, 16, 10, 11
MM, 20, 10, 25
MM, 24, 10, 12
MM, 27, 8, 13
MM, 32, 6, 14
MM, 34, 5, 11
MM, 40, 1, 36
MM, 21, 11, 198
MM, 7, 6, 25
MM, 99, 5, 51
MM, 118, 15, 24
MM, 124, 17, 23
MM, 125, 19, 26
MM, 126, 19, 24
MC, 1, 259
MM, 116, 9, 159
MM, 3, 20, 14
MM, 23, 25, 25
MM, 32, 2, 61
MC, 1, 654
MM, 1, 0, 333
MM, 42, 14, 49
MM, 41, 16, 13
MM, 38, 17, 25
MM, 37, 17, 13
MC, 1, 221
MM, 40, 17, 110
MM, 10, 13, 25
MM, 38, 10, 26
MM, 11, 9, 11
MM, 8, 3, 53
MC, 1, 442
MC, 1, 925
MM, 18, 3, 175
MM, 18, 9, 24
MM, 18, 12, 24
MM, 18, 15, 11
MM, 18, 17, 25
MC, 1, 173
MM, 17, 17, 86
MM, 13, 8, 99
MM, 8, 8, 40
MM, 7, 8, 9
MC, 1, 197
MM, 6, 8, 53
MM, 5, 8, 9
MM, 4, 8, 13
MM, 1, 8, 12
MM, 43, 8, 62
MM, 41, 8, 36
MM, 7, 6, 322
MM, 9, 5, 26
MM, 11, 30, 51
MM, 16, 26, 38
MM, 38, 6, 896
MM, 8, 23, 25
MM, 6, 0, 284
MM, 3, 2, 12
MM, 43, 5, 25
MM, 35, 5, 38
MM, 33, 3, 11
MM, 31, 0, 14
MM, 27, 30, 37
MM, 27, 28, 28
MM, 29, 26, 304
MM, 39, 21, 12
MM, 6, 17, 12
MM, 26, 24, 62
MM, 3, 21, 51
MM, 45, 16, 470
MM, 41, 16, 24
MM, 40, 16, 14
MM, 39, 16, 34
MC, 1, 185
MC, 2, 184
MM, 37, 16, 237
MM, 40, 23, 72
MM, 22, 25, 39
MM, 17, 26, 10
MM, 13, 26, 13
MM, 9, 27, 25
MM, 6, 27, 12
MM, 4, 28, 14
MM, 1, 28, 11
MM, 42, 30, 25
MM, 29, 31, 27
MM, 21, 2, 159
MM, 18, 6, 24
MM, 17, 8, 13
MM, 15, 10, 10
MM, 14, 12, 25
MM, 13, 13, 14
MM, 11, 16, 12
MM, 10, 20, 11
MM, 6, 26, 12
MM, 187, 1, 38
MM, 183, 3, 24
MM, 181, 6, 26
MM, 174, 14, 73
MM, 174, 15, 25
MC, 1, 223
MM, 178, 13, 146
MM, 187, 8, 14
MM, 17, 26, 25
MM, 32, 11, 26
MM, 36, 8, 12
MM, 39, 5, 11
MM, 40, 3, 25
MM, 41, 3, 14
MM, 42, 0, 10
MM, 15, 26, 61
MM, 16, 22, 28
MM, 16, 21, 21
MM, 16, 20, 124
MM, 16, 19, 112
MC, 1, 99
MM, 16, 20, 98
MM, 15, 21, 25
MM, 14, 22, 11
MM, 12, 25, 15
MM, 10, 30, 12
MM, 41, 3, 23
MM, 39, 7, 28
MM, 36, 10, 22
MM, 36, 11, 15
MM, 25, 17, 71
MM, 23, 18, 12
MM, 16, 25, 49
MM, 11, 0, 50
MM, 9, 3, 26
MM, 8, 3, 10
MM, 7, 3, 13
MM, 3, 3, 25
MM, 2, 3, 13
MM, 0, 3, 11
MM, 0, 4, 62
MM, 43, 7, 112
MM, 42, 7, 11
MC, 1, 174
MM, 42, 8, 357
MM, 39, 11, 25
MM, 36, 13, 16
MM, 35, 15, 8
MM, 32, 19, 28
MM, 31, 19, 10
MM, 31, 20, 24
MM, 31, 21, 13
MM, 30, 24, 13
MM, 29, 28, 12
MM, 167, 0, 196
MM, 166, 1, 13
MM, 166, 2, 25
MM, 166, 3, 24
MC, 1, 235
MM, 165, 1, 185
MM, 25, 28, 25
MM, 24, 13, 25
MM, 24, 7, 24
MM, 24, 4, 13
MM, 24, 2, 26
MM, 24, 1, 11
MM, 24, 0, 24
MM, 23, 0, 61
MM, 20, 28, 212
MM, 19, 24, 27
MM, 19, 23, 10
MM, 19, 22, 26
MC, 1, 158
MM, 17, 22, 272
MM, 11, 23, 14
MM, 1, 24, 10
MM, 43, 26, 13
MM, 8, 7, 50
MM, 12, 13, 24
MM, 6, 15, 258
MM, 10, 9, 13
MM, 14, 6, 26
MM, 15, 6, 12
MM, 17, 6, 24
MM, 20, 9, 12
MM, 21, 10, 13
MM, 23, 12, 11
MM, 28, 15, 38
MM, 30, 16, 13
MM, 31, 17, 36
MC, 1, 148
MM, 32, 17, 113
MM, 32, 16, 23
MM, 32, 15, 12
MM, 34, 12, 13
MM, 35, 8, 12
MC, 1, 297
MM, 38, 0, 346
MM, 37, 0, 11
MM, 37, 1, 26
MM, 36, 3, 24
MM, 34, 5, 11
MM, 31, 9, 25
MM, 31, 11, 13
MM, 30, 12, 24
MC, 1, 125
MM, 33, 12, 98
MM, 38, 12, 13
MM, 43, 12, 11
MM, 11, 9, 25
MM, 1, 29, 259
MM, 11, 27, 12
MM, 30, 23, 25
MM, 39, 22, 12
MM, 2, 22, 25
MM, 7, 22, 39
MM, 14, 22, 25
MM, 23, 22, 9
MM, 34, 23, 26
MM, 37, 23, 12
MM, 0, 19, 38
MM, 11, 15, 24
MM, 14, 14, 13
MM, 15, 13, 11
MM, 16, 13, 12
MC, 1, 507
MC, 2, 198
MM, 16, 16, 938
MM, 16, 18, 11
MM, 16, 20, 13
MM, 15, 24, 25
MM, 13, 28, 12
MM, 34, 14, 25
MM, 3, 15, 24
MM, 177, 5, 26
MM, 126, 20, 728
MM, 126, 19, 247
MM, 126, 18, 85
MM, 126, 17, 12
MM, 126, 16, 210
MC, 1, 420
MM, 126, 13, 371
MM, 126, 8, 11
MM, 126, 3, 12
MM, 32, 26, 26
MM, 28, 1, 26
MM, 26, 30, 23
MM, 25, 28, 13
MM, 25, 27, 111
MM, 25, 26, 60
MC, 1, 433
MM, 25, 25, 222
MM, 29, 25, 12
MM, 34, 23, 13
MM, 42, 22, 12
MM, 34, 6, 24
MM, 29, 11, 40
MM, 16, 7, 356
MM, 16, 12, 25
MC, 1, 542
MM, 15, 12, 235
MM, 12, 12, 11
MM, 4, 12, 13
MM, 28, 15, 12
MM, 43, 18, 39
MM, 29, 2, 38
MM, 1, 3, 37
MM, 0, 3, 24
MM, 1, 31, 171
MM, 7, 12, 26
MM, 11, 2, 11
MC, 1, 617
MM, 3, 2, 211
MM, 33, 16, 24
MM, 6, 30, 111
MM, 6, 25, 24
MM, 6, 24, 13
MM, 6, 23, 36
MM, 8, 21, 62
MM, 11, 20, 13
MM, 15, 18, 12
MM, 19, 16, 27
MM, 20, 15, 10
MM, 21, 15, 12
MC, 1, 481
MM, 24, 17, 235
MM, 33, 22, 13
MM, 3, 31, 27
MM, 12, 13, 47
MM, 34, 22, 25
MM, 9, 31, 23
MM, 132, 0, 654
MM, 131, 2, 13
MM, 128, 7, 29
MM, 126, 11, 8
MM, 123, 16, 25
MM, 123, 17, 24
MC, 1, 458
MM, 127, 14, 147
MM, 136, 4, 13
MM, 12, 24, 12
MM, 38, 23, 40
MM, 42, 17, 21
MM, 42, 16, 176
MM, 43, 15, 9
MM, 43, 11, 13
MM, 9, 30, 99
MM, 9, 29, 12
MM, 9, 28, 25
MM, 10, 28, 24
MC, 1, 469
MM, 11, 28, 136
MM, 14, 27, 15
MM, 17, 27, 9
MM, 28, 27, 26
MM, 43, 27, 12
MM, 7, 27, 12
MM, 14, 30, 40
MM, 30, 30, 35
MM, 31, 30, 24
MM, 32, 30, 11
MM, 33, 30, 26
MM, 34, 30, 12
MM, 4, 29, 99
MM, 22, 24, 27
MM, 27, 21, 10
MM, 32, 20, 25
MM, 33, 20, 14
MM, 32, 20, 134
MM, 28, 20, 13
MM, 20, 21, 11
MM, 12, 21, 13
MM, 6, 21, 12
MM, 1, 21, 13
MM, 0, 19, 147
MM, 2, 18, 13
MM, 12, 17, 25
MM, 18, 17, 12
MM, 23, 17, 26
MM, 24, 17, 23
MC, 1, 471
MM, 23, 18, 258
MM, 21, 21, 14
MM, 16, 26, 10
MM, 21, 2, 26
MM, 8, 4, 48
MM, 41, 22, 25
MM, 28, 31, 39
MM, 26, 31, 22
MM, 25, 31, 13
MM, 24, 31, 74
MM, 23, 31, 15
MM, 197, 1, 59
MM, 194, 2, 12
MM, 193, 3, 25
MM, 192, 3, 13
MM, 192, 4, 98
MM, 191, 4, 25
MC, 1, 421
MM, 183, 4, 183
MM, 174, 4, 13
MM, 156, 4, 12
MM, 17, 18, 50
MM, 40, 3, 25
MM, 1, 6, 333
MM, 3, 9, 11
MM, 5, 10, 13
MM, 6, 10, 123
MM, 6, 11, 86
MM, 6, 12, 13
MC, 1, 383
MM, 7, 12, 111
MM, 16, 12, 13
MM, 29, 12, 12
MM, 43, 11, 12
MM, 25, 10, 12
MM, 2, 28, 87
MM, 30, 25, 24
MM, 35, 24, 27
MM, 36, 24, 12
MM, 40, 24, 146
MM, 8, 25, 27
MM, 8, 31, 97
MM, 23, 22, 26
MM, 27, 18, 11
MM, 31, 15, 25
MM, 31, 14, 11
MM, 31, 13, 14
MM, 31, 12, 111
MM, 31, 10, 13
MC, 1, 480
MM, 29, 10, 138
MM, 27, 14, 10
MM, 17, 28, 24
MM, 32, 8, 26
MM, 0, 10, 36
MM, 31, 25, 40
MM, 16, 28, 50
MM, 13, 29, 21
MC, 1, 533
MM, 12, 29, 405
MM, 9, 31, 17
MM, 34, 24, 60
MM, 28, 27, 85
MM, 17, 17, 50
MM, 16, 16, 11
MM, 15, 16, 61
MM, 14, 17, 13
MM, 10, 18, 24
MM, 7, 19, 13
MM, 5, 19, 24
MM, 5, 21, 259
MM, 5, 22, 12
MM, 4, 26, 13
MC, 1, 544
MC, 1, 889
MM, 9, 28, 233
MM, 34, 2, 37
MM, 3, 5, 25
MM, 10, 29, 62
MM, 16, 25, 26
MM, 16, 24, 10
MM, 17, 24, 13
MC, 1, 592
MM, 17, 29, 148
MM, 41, 16, 50
MM, 31, 4, 40
MM, 27, 14, 23
MM, 25, 17, 23
MM, 24, 18, 24
MC, 1, 544
MM, 22, 18, 173
MM, 19, 18, 12
MM, 10, 17, 13
MM, 0, 13, 11
MM, 23, 4, 25
MM, 29, 17, 27
MC, 1, 861
MM, 40, 10, 236
MM, 25, 16, 24
MM, 17, 18, 24
MM, 14, 18, 12
MM, 13, 19, 14
MM, 11, 19, 13
MM, 11, 20, 24
MC, 1, 456
MM, 12, 26, 173
MM, 26, 1, 26
MM, 13, 19, 38
MM, 62, 13, 48
MM, 72, 19, 11
MM, 106, 19, 370
MM, 104, 17, 16
MM, 103, 15, 33
MM, 103, 14, 125
MM, 103, 13, 13
MC, 1, 443
MM, 102, 13, 210
MM, 100, 13, 13
MM, 99, 13, 11
MM, 96, 13, 26
MM, 94, 13, 11
MM, 90, 9, 25
MM, 87, 4, 12
MM, 42, 30, 37
MM, 3, 18, 37
MM, 18, 5, 26
MM, 15, 21, 27
MM, 26, 26, 329
MM, 20, 19, 27
MM, 19, 18, 11
MC, 1, 457
MM, 18, 18, 136
MM, 15, 20, 11
MM, 2, 30, 25
MM, 31, 4, 12
MM, 32, 1, 50
MM, 21, 5, 38
MM, 23, 5, 199
MM, 24, 5, 9
MM, 25, 4, 13
MC, 1, 446
MM, 18, 4, 195
MM, 3, 4, 12
MM, 31, 4, 14
MM, 42, 29, 52
MM, 18, 20, 36
MM, 13, 19, 26
MM, 11, 18, 9
MM, 10, 17, 25
MC, 1, 618
MM, 11, 17, 85
MM, 13, 17, 13
MM, 16, 17, 12
MM, 38, 16, 26
MM, 18, 15, 23
MM, 16, 11, 37
MM, 39, 5, 50
MM, 41, 3, 25
MM, 42, 3, 11
MC, 1, 1049
MC, 1, 925
MM, 28, 15, 162
MM, 40, 31, 25
MM, 0, 5, 270
MM, 5, 2, 27
MM, 7, 1, 22
MM, 8, 1, 38
MM, 9, 1, 12
MM, 12, 1, 12
MM, 17, 1, 13
MM, 30, 2, 24
MM, 36, 5, 13
MM, 40, 7, 12
MM, 43, 9, 27
MP, 1, 332
MR, 1, 134
MC, 1, 1
MM, 43, 11, 111
MM, 43, 12, 12
MM, 40, 12, 25
MM, 36, 13, 25
MM, 35, 13, 11
MM, 34, 13, 13
MM, 33, 13, 25
MC, 1, 457
MM, 34, 13, 123
MM, 36, 13, 12
MM, 39, 14, 13
MM, 42, 14, 12
MM, 12, 15, 37
MM, 39, 19, 27
MM, 7, 20, 24
MM, 21, 21, 38
MM, 23, 21, 10
MM, 24, 21, 24
MC, 1, 533
MM, 25, 22, 171
MM, 26, 24, 12
MM, 28, 25, 13
MM, 30, 26, 13
MM, 31, 27, 13
MM, 32, 27, 11
MM, 35, 28, 25
MM, 36, 28, 12
MM, 38, 29, 12
MM, 39, 30, 12
MM, 0, 7, 111
MM, 0, 9, 13
MM, 1, 12, 24
MM, 2, 13, 13
MM, 3, 15, 12
MM, 4, 20, 24
MM, 5, 22, 13
MM, 7, 24, 25
MM, 7, 25, 11
MM, 7, 26, 13
MM, 8, 27, 62
MM, 9, 29, 12
MM, 51, 0, 124
MM, 51, 2, 25
MM, 52, 5, 27
MM, 52, 8, 22
MM, 52, 10, 12
MM, 52, 11, 12
MM, 52, 14, 14
MC, 1, 393
MM, 53, 14, 200
MM, 54, 14, 10
MM, 56, 13, 13
MM, 60, 12, 26
MM, 66, 10, 10
MM, 76, 8, 13
MM, 104, 1, 25
MM, 20, 27, 26
MM, 8, 1, 36
MM, 30, 26, 24
MM, 5, 14, 53
MM, 11, 11, 21
MM, 17, 6, 25
MM, 23, 1, 24
MM, 4, 29, 161
MM, 8, 23, 14
MM, 15, 12, 23
MM, 18, 8, 15
MM, 20, 5, 22
MM, 20, 4, 74
MC, 1, 408
MM, 20, 5, 111
MM, 17, 9, 12
MM, 12, 15, 13
MM, 29, 27, 24
MM, 30, 0, 63
MM, 1, 0, 25
MM, 13, 0, 209
MM, 10, 2, 12
MM, 38, 6, 40
MM, 27, 6, 21
MM, 23, 6, 25
MM, 22, 6, 37
MC, 1, 569
MM, 26, 6, 146
MM, 30, 6, 14
MM, 39, 9, 25
MM, 40, 10, 12
MM, 0, 31, 50
MM, 5, 7, 24
MM, 12, 23, 37
MM, 14, 28, 24
MM, 14, 29, 28
MM, 105, 3, 38
MM, 105, 13, 35
MM, 105, 14, 11
MM, 105, 19, 24
MM, 104, 22, 12
MM, 102, 21, 458
MM, 102, 15, 12
MM, 102, 8, 24
MM, 102, 7, 26
MM, 102, 6, 24
MC, 1, 445
MM, 100, 6, 295
MM, 99, 6, 13
MM, 97, 6, 13
MM, 91, 6, 27
MM, 83, 6, 9
MM, 75, 1, 13
MM, 15, 19, 25
MM, 17, 28, 37
MM, 43, 19, 126
MM, 41, 19, 10
MM, 41, 15, 135
MM, 0, 4, 37
MM, 11, 3, 38
MM, 17, 7, 24
MM, 19, 8, 13
MM, 20, 10, 12
MM, 21, 10, 12
MM, 22, 11, 12
MC, 1, 482
MM, 25, 11, 184
MM, 29, 10, 14
MM, 39, 8, 13
MM, 23, 4, 24
MM, 13, 29, 51
MM, 38, 26, 24
MM, 2, 24, 10
MM, 28, 23, 52
MM, 33, 23, 48
MM, 38, 23, 12
MM, 4, 24, 25
MM, 25, 24, 38
MM, 35, 24, 25
MM, 11, 23, 23
MM, 26, 22, 62
MM, 27, 22, 14
MM, 27, 21, 159
MC, 1, 345
MM, 22, 21, 210
MM, 14, 21, 13
MM, 15, 28, 37
MC, 1, 965
MM, 16, 0, 306
MM, 32, 5, 26
MM, 11, 13, 50
MM, 28, 17, 37
MM, 36, 20, 24
MM, 3, 30, 85
MM, 31, 3, 51
MM, 33, 5, 26
MM, 34, 5, 84
MM, 35, 5, 12
MM, 37, 6, 27
MM, 39, 6, 10
MM, 42, 6, 25
MM, 43, 6, 25
MM, 43, 7, 12
MM, 42, 7, 136
MM, 41, 7, 24
MM, 39, 7, 13
MM, 38, 7, 12
MM, 35, 8, 14
MM, 31, 8, 26
MM, 30, 8, 46
MC, 1, 396
MM, 31, 8, 135
MM, 33, 8, 13
MM, 42, 8, 27
MM, 5, 8, 11
MM, 31, 10, 37
MM, 7, 15, 24
MM, 34, 29, 50
MM, 36, 31, 13
MM, 39, 29, 283
MM, 39, 26, 26
MM, 39, 25, 11
MM, 39, 24, 98
MC, 1, 557
MM, 39, 22, 172
MM, 42, 18, 14
MM, 59, 12, 31663
MM, 58, 26, 13
MM, 59, 46, 24
MM, 69, 63, 25
MM, 12, 17, 173
MM, 1, 20, 283
MM, 4, 21, 41
MM, 7, 21, 21
MM, 15, 16, 40
MM, 19, 13, 22
