**********************************
LOGGING TIME: 20171023_133218
CLIENT IP: 10.105.66.73
USERNAME: sandeep2103
OS: Windows 10
*********************Neutral database**********************************
MM, 36, 2, 1507533520711
MM, 35, 0, 764
MM, 42, 31, 22
MM, 112, 38, 16
MM, 101, 25, 315
MM, 116, 26, 47
MM, 113, 20, 70
MC, 1, 21898
MM, 270, 8, 16742
MM, 256, 18, 14
MM, 246, 24, 11
MM, 240, 27, 11
MM, 236, 29, 13
MM, 227, 34, 12
MM, 217, 42, 13
MM, 208, 49, 12
MM, 201, 53, 12
MM, 197, 56, 14
MM, 193, 60, 11
MM, 190, 61, 14
MM, 188, 62, 12
MM, 187, 62, 12
MM, 186, 62, 24
MM, 186, 61, 75
MM, 186, 60, 11
MM, 186, 58, 13
MM, 186, 52, 25
MM, 187, 49, 14
MM, 188, 47, 10
MM, 188, 46, 13
MM, 188, 45, 12
MM, 188, 44, 75
MM, 188, 43, 123
MM, 188, 44, 370
MM, 186, 44, 12
MM, 177, 47, 13
MM, 167, 52, 11
MM, 155, 54, 13
MM, 135, 59, 13
MM, 24, 0, 37
MM, 24, 17, 25
MM, 8, 6, 493
MM, 10, 11, 12
MM, 12, 15, 31
MM, 12, 16, 7
MM, 12, 17, 11
MM, 13, 17, 64
MC, 1, 135
MM, 14, 17, 62
MM, 15, 17, 36
MM, 17, 17, 13
MM, 21, 15, 13
MM, 29, 14, 11
MM, 34, 12, 15
MM, 39, 12, 10
MM, 41, 11, 14
MM, 42, 11, 12
MM, 42, 10, 25
MM, 42, 9, 36
MM, 13, 1, 246
MM, 23, 6, 12
MM, 8, 28, 39
MM, 34, 5, 23
MM, 2, 27, 38
MM, 5, 31, 26
MP, 1, 208
MR, 1, 99
MC, 1, 0
MM, 46, 2, 49
MM, 46, 5, 12
MM, 45, 10, 12
MM, 42, 23, 63
MM, 42, 26, 24
MM, 40, 27, 654
MM, 38, 24, 13
MM, 31, 21, 14
MM, 22, 13, 10
MM, 14, 0, 14
MM, 15, 19, 12
MM, 2, 30, 51
MM, 42, 15, 49
MM, 37, 8, 11
MC, 1, 383
MM, 40, 17, 160
MM, 36, 22, 15
MM, 33, 26, 22
MM, 35, 22, 507
MM, 6, 8, 24
MM, 16, 3, 12
MP, 1, 815
MR, 1, 111
MC, 1, 852
MM, 16, 9, 926
MM, 8, 9, 13
MM, 2, 9, 13
MM, 29, 9, 23
MM, 15, 6, 13
MM, 11, 2, 38
MM, 36, 2, 27
MM, 30, 2, 35
MM, 30, 1, 25
MC, 1, 295
MM, 30, 6, 235
MM, 30, 11, 12
MM, 30, 14, 12
MM, 30, 15, 12
MM, 30, 16, 13
MM, 38, 17, 309
MM, 1, 21, 11
MM, 26, 12, 39
MM, 155, 1, 24
MM, 58, 34, 173
MM, 68, 31, 12
MM, 75, 28, 12
MM, 79, 26, 12
MM, 81, 25, 13
MM, 82, 24, 14
MM, 82, 23, 11
MM, 82, 21, 24
MM, 82, 16, 12
MM, 80, 6, 13
MM, 30, 5, 765
MM, 16, 18, 37
MM, 34, 18, 26
MM, 9, 11, 38
MM, 6, 9, 23
MM, 5, 9, 49
MM, 4, 9, 14
MM, 3, 10, 23
MM, 1, 11, 12
MM, 37, 17, 37
MM, 32, 19, 13
MM, 43, 18, 86
MM, 38, 8, 26
MM, 35, 6, 12
MM, 34, 3, 11
MM, 31, 0, 13
MM, 40, 2, 74
MM, 37, 3, 25
MM, 36, 3, 24
MM, 35, 2, 471
MM, 30, 2, 10
MM, 20, 5, 13
MM, 11, 8, 12
MM, 18, 20, 26
MM, 41, 22, 11
MM, 18, 15, 51
MM, 10, 13, 64
MM, 5, 13, 47
MM, 1, 15, 222
MM, 7, 15, 26
MM, 9, 15, 11
MC, 1, 161
MM, 14, 15, 344
MM, 40, 14, 140
MM, 1, 15, 293
MM, 4, 15, 12
MM, 6, 15, 13
MM, 15, 15, 25
MM, 16, 15, 11
MM, 18, 15, 14
MC, 1, 147
MM, 17, 16, 210
MM, 16, 16, 308
MM, 14, 16, 13
MM, 13, 17, 13
MM, 7, 21, 13
MM, 16, 25, 134
MM, 8, 29, 39
MM, 6, 29, 11
MM, 6, 30, 13
MM, 5, 30, 11
MM, 91, 4, 136
MM, 88, 9, 12
MM, 85, 13, 13
MM, 82, 15, 12
MM, 79, 20, 26
MM, 78, 21, 11
MC, 1, 160
MM, 79, 21, 50
MM, 81, 21, 12
MM, 82, 21, 13
MM, 85, 17, 13
MM, 93, 5, 12
MM, 24, 30, 12
MM, 33, 31, 37
MM, 15, 4, 39
MM, 18, 3, 40
MC, 1, 329
MM, 18, 4, 26
MM, 18, 5, 23
MM, 18, 6, 17
MM, 18, 7, 8
MM, 17, 10, 13
MM, 14, 12, 11
MM, 12, 15, 13
MM, 9, 19, 12
MM, 4, 28, 24
MM, 3, 30, 14
MM, 36, 0, 37
MM, 33, 3, 11
MM, 1, 29, 87
MM, 0, 29, 12
MM, 42, 9, 75
MM, 40, 11, 24
MC, 1, 296
MM, 38, 11, 395
MM, 36, 12, 13
MM, 35, 13, 12
MM, 32, 16, 13
MM, 29, 22, 12
MM, 24, 30, 12
MM, 160, 0, 148
MM, 160, 2, 13
MM, 158, 4, 12
MM, 153, 12, 27
MM, 151, 17, 10
MM, 150, 21, 14
MM, 149, 23, 11
MM, 149, 24, 12
MM, 148, 24, 25
MC, 1, 136
MM, 148, 23, 135
MM, 148, 22, 13
MM, 148, 21, 14
MM, 147, 19, 11
MM, 146, 16, 11
MM, 145, 14, 13
MM, 144, 11, 14
MM, 143, 6, 12
MM, 142, 1, 11
MM, 9, 6, 111
MM, 18, 31, 28
MM, 38, 17, 37
MM, 4, 7, 22
MM, 34, 26, 630
MM, 1, 17, 11
MM, 8, 5, 40
MM, 8, 3, 22
MM, 5, 3, 37
MM, 2, 3, 13
MM, 31, 5, 25
MM, 13, 14, 12
MM, 37, 10, 26
MM, 25, 11, 38
MM, 7, 12, 36
MM, 6, 12, 13
MM, 7, 11, 48
MM, 10, 11, 12
MM, 13, 9, 12
MM, 21, 5, 13
MM, 9, 27, 25
MM, 17, 23, 25
MM, 19, 23, 12
MM, 20, 23, 49
MM, 22, 22, 25
MM, 23, 22, 11
MM, 24, 22, 13
MM, 25, 22, 13
MM, 27, 22, 12
MM, 29, 22, 12
MM, 33, 22, 12
MM, 38, 22, 26
MM, 41, 22, 12
MM, 43, 22, 13
MM, 46, 21, 12
MM, 18, 10, 84
MM, 20, 9, 29
MC, 1, 195
MM, 19, 10, 160
MM, 17, 11, 13
MM, 13, 13, 13
MM, 7, 16, 11
MM, 3, 19, 13
MM, 45, 22, 13
MM, 20, 28, 27
MM, 26, 0, 47
MM, 28, 3, 25
MM, 28, 10, 50
MM, 6, 12, 23
MM, 2, 12, 13
MM, 1, 12, 12
MM, 1, 11, 99
MM, 1, 10, 74
MM, 1, 8, 11
MM, 6, 4, 38
MM, 10, 0, 24
MM, 14, 30, 52
MM, 16, 29, 10
MM, 16, 27, 14
MM, 17, 26, 24
MC, 1, 247
MM, 18, 26, 98
MM, 19, 26, 148
MM, 21, 24, 24
MM, 23, 22, 13
MM, 27, 18, 12
MM, 31, 13, 13
MM, 37, 5, 11
MM, 39, 1, 14
MC, 1, 481
MM, 42, 2, 136
MM, 2, 0, 26
MM, 0, 1, 259
MM, 5, 31, 61
MM, 9, 29, 62
MM, 12, 28, 13
MM, 14, 26, 11
MM, 15, 26, 12
MM, 16, 26, 13
MM, 17, 26, 37
MM, 18, 25, 13
MM, 19, 25, 12
MM, 20, 25, 12
MM, 21, 25, 12
MC, 1, 161
MM, 22, 24, 260
MM, 28, 24, 11
MM, 38, 23, 13
MM, 1, 21, 12
MM, 17, 14, 37
MM, 34, 12, 38
MM, 38, 9, 50
MM, 10, 5, 37
MM, 42, 31, 49
MM, 21, 18, 38
MM, 1, 9, 74
MM, 14, 7, 24
MM, 25, 5, 24
MM, 29, 4, 12
MM, 30, 3, 13
MM, 32, 3, 12
MM, 33, 3, 12
MM, 33, 2, 24
MM, 34, 2, 37
MM, 33, 3, 186
MM, 32, 3, 11
MM, 32, 4, 13
MM, 32, 5, 13
MM, 30, 5, 13
MM, 29, 5, 11
MM, 29, 6, 12
MC, 1, 309
MC, 2, 211
MM, 28, 7, 518
MM, 26, 8, 13
MM, 22, 12, 12
MM, 20, 15, 13
MM, 17, 18, 11
MM, 14, 21, 12
MM, 13, 22, 13
MM, 10, 25, 12
MM, 2, 29, 24
MM, 22, 5, 63
MM, 18, 11, 13
MM, 14, 15, 12
MM, 0, 25, 25
MM, 43, 28, 12
MM, 35, 3, 24
MM, 152, 4, 54
MM, 141, 12, 32
MM, 140, 14, 40
MM, 133, 23, 36
MM, 128, 32, 11
MM, 125, 37, 13
MM, 124, 40, 12
MM, 123, 41, 12
MP, 1, 186
MR, 1, 98
MC, 1, 0
MM, 122, 39, 174
MM, 122, 36, 12
MM, 122, 30, 24
MM, 121, 28, 13
MM, 121, 26, 14
MM, 121, 25, 10
MC, 1, 124
MM, 120, 21, 150
MM, 119, 11, 10
MM, 118, 5, 16
MM, 117, 1, 10
MM, 23, 27, 99
MM, 22, 21, 11
MM, 19, 13, 25
MM, 18, 11, 13
MM, 18, 10, 11
MM, 17, 8, 14
MM, 17, 7, 12
MM, 16, 5, 12
MM, 16, 28, 39
MM, 16, 19, 24
MM, 15, 17, 24
MC, 1, 209
MM, 16, 17, 74
MM, 17, 17, 25
MM, 20, 17, 12
MM, 24, 17, 12
MM, 30, 16, 14
MM, 8, 10, 24
MM, 38, 3, 26
MM, 13, 0, 23
MM, 21, 0, 37
MM, 22, 0, 12
MM, 24, 0, 13
MM, 25, 0, 11
MM, 35, 31, 210
MM, 0, 28, 39
MM, 3, 26, 23
MM, 5, 25, 13
MM, 7, 23, 12
MM, 10, 20, 27
MM, 11, 20, 10
MM, 12, 19, 14
MM, 12, 18, 23
MC, 1, 136
MM, 11, 18, 136
MM, 10, 18, 12
MM, 8, 18, 13
MM, 2, 18, 11
MM, 31, 17, 25
MM, 38, 14, 26
MM, 8, 12, 36
MM, 42, 4, 63
MM, 20, 12, 36
MM, 20, 11, 24
MM, 20, 10, 13
MM, 20, 6, 160
MM, 20, 3, 13
MM, 20, 0, 13
MC, 1, 443
MM, 1, 1, 335
MM, 38, 12, 25
MM, 34, 15, 24
MM, 33, 15, 12
MC, 1, 247
MM, 34, 15, 135
MM, 35, 15, 38
MM, 37, 18, 12
MM, 40, 23, 12
MM, 18, 4, 25
MM, 7, 30, 26
MM, 128, 40, 431
MM, 128, 36, 13
MM, 127, 33, 12
MM, 127, 32, 24
MC, 1, 259
MM, 127, 30, 384
MM, 133, 21, 12
MM, 141, 8, 13
MM, 17, 23, 25
MM, 26, 29, 25
MM, 34, 14, 38
MM, 35, 13, 10
MM, 36, 12, 24
MM, 43, 10, 37
MM, 2, 6, 30
MM, 7, 4, 22
MM, 8, 3, 24
MM, 9, 2, 12
MM, 10, 1, 12
MM, 28, 27, 38
MM, 29, 27, 11
MM, 30, 26, 16
MM, 30, 25, 34
MC, 1, 222
MM, 30, 26, 73
MM, 33, 26, 37
MM, 36, 26, 14
MM, 41, 26, 14
MM, 2, 25, 23
MM, 23, 21, 27
MM, 7, 15, 34
MM, 27, 13, 26
MM, 32, 12, 11
MM, 0, 11, 25
MM, 4, 11, 24
MM, 5, 11, 12
MM, 6, 11, 37
MC, 1, 235
MM, 6, 12, 124
MM, 6, 14, 12
MM, 5, 17, 13
MM, 29, 31, 24
MM, 36, 22, 26
MM, 209, 4, 48
MM, 195, 23, 26
MM, 187, 35, 24
MM, 184, 37, 12
MM, 182, 38, 12
MM, 178, 39, 13
MM, 171, 40, 14
MM, 165, 41, 10
MP, 1, 186
MR, 1, 38
MM, 142, 41, 36
MM, 142, 39, 12
MM, 142, 37, 27
MM, 142, 36, 22
MM, 142, 35, 161
MM, 142, 35, 173
MM, 142, 36, 14
MM, 140, 36, 221
MM, 135, 36, 11
MM, 128, 31, 13
MM, 117, 26, 13
MM, 95, 15, 12
MM, 78, 8, 13
MM, 1, 31, 24
MM, 4, 9, 28
MM, 25, 25, 37
MM, 18, 21, 48
MM, 17, 21, 11
MM, 17, 20, 73
MM, 17, 19, 24
MC, 1, 125
MM, 18, 19, 11
MM, 19, 19, 62
MM, 19, 20, 12
MM, 20, 20, 24
MM, 21, 20, 13
MM, 25, 20, 13
MM, 33, 20, 13
MM, 13, 13, 24
MM, 2, 4, 38
MM, 11, 3, 41
MM, 38, 1, 34
MM, 1, 1, 24
MM, 10, 1, 37
MM, 11, 1, 24
MM, 12, 1, 25
MM, 13, 1, 11
MM, 3, 24, 111
MM, 14, 17, 27
MM, 21, 16, 23
MM, 24, 16, 12
MM, 27, 16, 12
MM, 28, 16, 14
MM, 29, 16, 11
MM, 30, 16, 13
MM, 31, 16, 24
MM, 33, 16, 24
MM, 35, 16, 13
MM, 0, 17, 198
MM, 0, 18, 13
MM, 1, 19, 12
MM, 2, 19, 13
MM, 3, 19, 37
MM, 4, 19, 49
MM, 5, 19, 12
MM, 6, 19, 24
MM, 6, 20, 137
MM, 3, 21, 321
MM, 2, 21, 12
MM, 34, 25, 50
MM, 32, 25, 13
MM, 25, 29, 23
MM, 42, 15, 37
MM, 32, 28, 25
MM, 29, 30, 13
MM, 27, 0, 50
MM, 27, 1, 23
MM, 26, 4, 12
MM, 25, 8, 13
MM, 25, 12, 27
MM, 22, 10, 270
MM, 21, 9, 12
MM, 18, 8, 12
MM, 14, 6, 15
MM, 8, 2, 9
MM, 11, 24, 38
MM, 1, 31, 99
MC, 1, 420
MC, 1, 680
MM, 5, 20, 333
MM, 31, 25, 25
MM, 40, 26, 12
MM, 2, 29, 14
MM, 3, 31, 244
MM, 3, 29, 38
MM, 5, 27, 12
MM, 9, 23, 12
MM, 11, 21, 13
MM, 13, 19, 12
MC, 1, 173
MM, 13, 20, 74
MM, 13, 21, 24
MM, 13, 24, 13
MM, 11, 29, 12
MM, 43, 6, 27
MM, 37, 31, 24
MM, 38, 0, 24
MM, 37, 2, 26
MM, 36, 2, 24
MM, 36, 3, 12
MM, 36, 4, 11
MM, 35, 5, 25
MM, 35, 6, 12
MM, 35, 7, 13
MC, 1, 209
MM, 34, 7, 39
MM, 32, 7, 48
MM, 23, 7, 12
MM, 12, 3, 16
MM, 22, 27, 8
MM, 36, 23, 89
MM, 22, 17, 49
MM, 21, 17, 12
MM, 20, 17, 50
MM, 20, 18, 36
MM, 20, 19, 12
MM, 20, 20, 62
MM, 20, 24, 12
MC, 1, 420
MM, 42, 0, 421
MM, 41, 2, 11
MM, 37, 14, 24
MM, 36, 20, 13
MM, 35, 22, 12
MM, 35, 23, 13
MM, 35, 24, 12
MC, 1, 222
MM, 36, 24, 333
MM, 39, 24, 13
MM, 2, 28, 26
MM, 42, 0, 48
MM, 0, 2, 25
MM, 15, 4, 27
MM, 30, 9, 22
MM, 35, 11, 13
MM, 41, 14, 14
MM, 0, 19, 36
MM, 0, 20, 12
MM, 4, 21, 23
MM, 5, 23, 13
MM, 8, 26, 12
MM, 10, 27, 13
MM, 11, 28, 12
MM, 13, 29, 12
MM, 14, 30, 13
MM, 14, 31, 37
MM, 15, 31, 37
MP, 1, 261
MR, 1, 72
MC, 1, 0
MM, 107, 0, 284
MM, 107, 1, 25
MM, 107, 2, 25
MC, 1, 111
MM, 108, 2, 309
MM, 114, 0, 12
MM, 7, 14, 51
MM, 22, 4, 11
MM, 7, 17, 37
MM, 39, 31, 27
MM, 22, 7, 36
MM, 27, 3, 37
MM, 28, 2, 24
MM, 27, 4, 211
MM, 26, 4, 25
MM, 26, 5, 122
MM, 25, 7, 11
MM, 24, 9, 13
MM, 22, 14, 25
MM, 19, 16, 12
MM, 16, 19, 12
MM, 14, 22, 13
MM, 33, 5, 24
MM, 4, 30, 28
MM, 39, 10, 21
MM, 34, 14, 26
MM, 34, 15, 12
MC, 1, 235
MM, 31, 15, 296
MM, 26, 15, 14
MM, 16, 13, 11
MM, 42, 7, 12
MM, 34, 11, 40
MM, 41, 4, 22
MM, 43, 2, 173
MM, 1, 5, 148
MM, 6, 8, 12
MM, 16, 14, 25
MM, 21, 16, 13
MM, 25, 17, 12
MM, 27, 18, 12
MM, 28, 18, 25
MC, 1, 138
MM, 29, 18, 47
MM, 31, 18, 86
MM, 33, 18, 13
MM, 35, 18, 13
MM, 39, 18, 12
MM, 15, 10, 25
MM, 11, 6, 86
MM, 23, 4, 38
MM, 24, 4, 13
MM, 22, 4, 47
MM, 18, 4, 15
MM, 14, 4, 10
MM, 12, 4, 25
MM, 11, 4, 12
MM, 9, 4, 25
MM, 6, 5, 13
MM, 3, 7, 12
MM, 0, 10, 24
MP, 1, 148
MR, 1, 86
MC, 1, 0
MC, 1, 272
MC, 1, 717
MM, 36, 5, 345
MM, 15, 10, 13
MM, 36, 18, 24
MM, 19, 21, 60
MM, 18, 22, 39
MC, 1, 210
MM, 19, 22, 61
MM, 20, 22, 13
MM, 22, 22, 13
MM, 29, 22, 11
MM, 8, 22, 39
MM, 35, 22, 24
MM, 1, 22, 39
MM, 4, 22, 24
MM, 6, 22, 23
MM, 7, 22, 12
MC, 1, 186
MM, 14, 24, 332
MM, 21, 27, 13
MM, 28, 30, 13
MM, 3, 4, 26
MM, 81, 4, 60
MM, 94, 12, 26
MM, 103, 16, 23
MM, 105, 18, 13
MM, 106, 18, 11
MM, 107, 18, 76
MM, 108, 19, 24
MM, 109, 19, 12
MM, 109, 20, 13
MM, 110, 20, 12
MC, 1, 186
MM, 111, 20, 332
MM, 115, 19, 13
MM, 121, 16, 12
MM, 155, 1, 24
MM, 33, 24, 14
MM, 37, 30, 26
MM, 16, 16, 36
MM, 25, 12, 38
MM, 26, 12, 23
MM, 27, 12, 62
MM, 30, 10, 36
MM, 33, 9, 15
MM, 34, 8, 10
MM, 35, 8, 13
MM, 36, 8, 12
MM, 40, 1, 37
MM, 17, 31, 12
MM, 31, 11, 38
MM, 33, 9, 12
MM, 33, 8, 12
MM, 33, 7, 24
MM, 32, 7, 101
MM, 31, 7, 147
MM, 31, 8, 49
MM, 30, 8, 13
MM, 28, 8, 345
MM, 25, 9, 12
MM, 18, 12, 13
MM, 26, 16, 37
MM, 35, 7, 25
MM, 39, 18, 39
MM, 32, 21, 22
MM, 28, 21, 26
MM, 23, 20, 36
MM, 21, 20, 13
MM, 20, 19, 12
MM, 20, 18, 24
MM, 19, 18, 15
MM, 18, 16, 37
MM, 17, 13, 10
MM, 17, 1, 24
MM, 17, 31, 63
MM, 17, 28, 25
MM, 17, 27, 11
MM, 17, 26, 15
MM, 17, 25, 10
MM, 17, 24, 51
MM, 18, 24, 86
MC, 1, 271
MM, 18, 25, 87
MM, 18, 26, 24
MM, 19, 27, 62
MM, 22, 2, 24
MM, 25, 8, 12
MM, 28, 23, 29
MM, 73, 15, 34
MM, 76, 32, 52
MM, 76, 36, 22
MC, 1, 247
MM, 76, 35, 346
MM, 70, 32, 11
MM, 64, 23, 13
MM, 7, 22, 24
MM, 3, 10, 25
MM, 1, 8, 26
MM, 1, 7, 11
MM, 43, 26, 38
MM, 40, 19, 26
MM, 40, 18, 23
MM, 40, 17, 12
MM, 39, 17, 37
MM, 39, 16, 13
MM, 36, 13, 48
MM, 33, 11, 13
MM, 30, 10, 15
MM, 29, 8, 10
MM, 27, 7, 26
MC, 1, 123
MM, 28, 7, 85
MM, 28, 8, 25
MM, 31, 8, 13
MM, 36, 8, 12
MM, 4, 8, 25
MM, 28, 3, 50
MM, 18, 31, 37
MM, 27, 17, 36
MM, 4, 13, 38
MM, 5, 13, 14
MM, 5, 12, 48
MM, 4, 12, 110
MM, 3, 12, 37
MM, 2, 12, 24
MM, 1, 12, 25
MM, 32, 14, 75
MM, 29, 14, 24
MM, 28, 14, 24
MM, 27, 14, 211
MM, 26, 14, 37
MC, 1, 87
MM, 23, 14, 111
MM, 21, 14, 25
MM, 20, 14, 12
MM, 16, 14, 12
MM, 5, 14, 12
MM, 21, 14, 25
MM, 11, 6, 39
MC, 1, 899
MM, 37, 3, 199
MM, 22, 16, 27
MM, 156, 2, 47
MM, 191, 19, 37
MM, 198, 21, 12
MM, 202, 22, 11
MM, 205, 23, 26
MM, 204, 21, 184
MM, 200, 12, 13
MM, 40, 14, 36
MM, 38, 10, 13
MM, 35, 7, 26
MM, 34, 6, 11
MC, 1, 273
MM, 34, 7, 62
MM, 40, 8, 121
MM, 0, 11, 27
MM, 13, 17, 24
MM, 23, 22, 11
MM, 10, 29, 297
MM, 17, 24, 13
MM, 28, 18, 25
MM, 32, 16, 12
MM, 36, 15, 25
MM, 38, 15, 12
MM, 39, 15, 12
MM, 40, 15, 25
MM, 41, 14, 25
MM, 41, 13, 62
MM, 0, 13, 124
MM, 1, 13, 11
MM, 4, 13, 27
MM, 5, 13, 10
MM, 6, 13, 13
MM, 7, 13, 24
MM, 8, 13, 51
MC, 1, 208
MM, 11, 13, 518
MM, 16, 13, 13
MM, 22, 13, 13
MM, 29, 13, 13
MM, 35, 13, 12
MM, 276, 37, 194339
MM, 27, 0, 147
MM, 30, 0, 27
MM, 31, 0, 11
MM, 36, 1, 25
MM, 41, 1, 12
MM, 9, 1, 185
MM, 11, 3, 11
MM, 16, 7, 27
MM, 18, 10, 11
MM, 20, 12, 14
MM, 21, 12, 10
MM, 21, 13, 13
MM, 22, 13, 12
MM, 23, 14, 12
