********************************************************************************
LOGGING TIME: 20170909_200903
CLIENT IP: 10.145.230.188
USERNAME: sandeep2103
OS: Windows 10
**********************************Emotional database********************************************************************************
MM, 309, 26, 1503238554699
MM, 511, 259, 253
MM, 511, 249, 254
MM, 523, 160, 62
MM, 528, 148, 12
MM, 531, 143, 12
MM, 533, 140, 13
MM, 535, 140, 13
MM, 535, 139, 11
MM, 536, 139, 21
MM, 536, 133, 177
MM, 536, 127, 13
MM, 534, 120, 12
MM, 531, 114, 13
MM, 529, 119, 407
MM, 528, 132, 12
MM, 525, 147, 12
MM, 516, 247, 148
MM, 514, 258, 12
MM, 512, 268, 12
MM, 512, 276, 13
MM, 512, 283, 12
MM, 260, 2, 13
MM, 259, 7, 12
MM, 259, 11, 12
MM, 258, 13, 13
MM, 258, 15, 12
MM, 258, 16, 12
MM, 258, 17, 38
MC, 1, 123
MM, 258, 20, 23797
MM, 256, 26, 13
MM, 253, 39, 12
MM, 251, 51, 12
MM, 248, 67, 12
MM, 495, 387, 13
MM, 243, 3, 12
MM, 243, 22, 13
MM, 243, 55, 11
MM, 246, 77, 13
MM, 501, 506, 12
MM, 508, 516, 14
MM, 25, 6, 36
MM, 29, 9, 12
MM, 33, 11, 13
MM, 1, 18, 24
MM, 34, 29, 40
MM, 25, 4, 25
MM, 13, 18, 36
MM, 30, 23, 52
MM, 643, 583, 20
MM, 647, 586, 25
MM, 647, 587, 24
MM, 0, 28, 13
MM, 2, 29, 62
MM, 3, 29, 24
MM, 4, 30, 13
MM, 3, 28, 148
MM, 647, 586, 12
MM, 27, 21, 13
MM, 18, 15, 26
MM, 17, 15, 12
MM, 16, 14, 13
MM, 15, 14, 125
MC, 1, 120
MM, 15, 15, 135
MM, 15, 16, 13
MM, 14, 18, 25
MM, 14, 19, 15
MM, 611, 592, 34
MM, 13, 4, 29
MM, 1, 9, 20
MM, 32, 10, 25
MM, 26, 11, 26
MM, 25, 11, 24
MM, 24, 11, 36
MM, 22, 13, 37
MM, 19, 16, 13
MM, 17, 18, 12
MM, 17, 20, 15
MM, 16, 22, 10
MM, 14, 24, 24
MM, 14, 25, 27
MM, 14, 27, 10
MM, 13, 30, 13
MM, 553, 630, 12
MM, 553, 633, 12
MM, 22, 4, 26
MM, 21, 6, 11
MM, 20, 7, 25
MC, 1, 235
MM, 17, 7, 222
MM, 11, 8, 12
MM, 3, 8, 15
MM, 525, 642, 10
MM, 32, 8, 12
MM, 17, 7, 26
MM, 6, 3, 12
MM, 0, 28, 37
MM, 29, 14, 52
MM, 15, 6, 35
MM, 11, 4, 29
MM, 11, 3, 7
MM, 11, 4, 271
MM, 11, 6, 12
MM, 12, 9, 13
MM, 12, 12, 13
MM, 34, 22, 73
MM, 419, 621, 12
MM, 6, 27, 27
MM, 11, 29, 27
MM, 12, 30, 21
MM, 435, 628, 14
MM, 438, 631, 25
MM, 30, 0, 357
MM, 30, 5, 11
MM, 32, 18, 25
MM, 32, 23, 16
MM, 33, 28, 21
MM, 33, 30, 12
MM, 442, 665, 12
MM, 443, 669, 185
MM, 43, 0, 13
MM, 43, 1, 12
MM, 43, 2, 124
MM, 43, 3, 25
MM, 43, 4, 12
MM, 44, 7, 25
MM, 44, 8, 12
MM, 44, 10, 13
MM, 44, 11, 11
MM, 44, 13, 17
MM, 44, 14, 33
MC, 1, 123
MM, 40, 10, 124
MM, 432, 669, 12
MM, 9, 15, 26
MM, 5, 10, 24
MM, 4, 9, 12
MM, 3, 8, 25
MM, 3, 7, 24
MM, 3, 6, 38
MM, 3, 4, 12
MM, 3, 0, 28
MM, 412, 632, 9
MM, 412, 631, 25
MM, 412, 630, 99
MM, 412, 629, 62
MM, 31, 29, 11
MM, 30, 28, 17
MM, 30, 26, 9
MM, 30, 25, 12
MM, 29, 25, 24
MC, 1, 136
MM, 13, 11, 163
MM, 620, 592, 51
MM, 704, 600, 47
MM, 709, 601, 10
MM, 712, 602, 15
MM, 714, 602, 10
MM, 717, 602, 13
MM, 719, 602, 11
MM, 723, 602, 13
MM, 727, 602, 12
MM, 733, 602, 25
MM, 735, 602, 12
MM, 738, 602, 13
MM, 742, 600, 12
MM, 743, 598, 12
MM, 746, 596, 12
MM, 748, 590, 25
MM, 748, 584, 13
MM, 748, 577, 12
MM, 748, 572, 13
MM, 746, 566, 11
MM, 733, 558, 26
MM, 727, 555, 12
MM, 725, 554, 14
MM, 21, 30, 10
MM, 20, 30, 13
MM, 18, 30, 37
MM, 719, 554, 61
MM, 718, 554, 12
MM, 717, 558, 28
MM, 27, 1, 10
MM, 27, 2, 12
MM, 27, 3, 26
MM, 26, 3, 12
MC, 1, 160
MM, 26, 4, 49
MM, 25, 4, 13
MM, 24, 6, 12
MM, 17, 8, 12
MM, 7, 12, 12
MM, 29, 18, 25
MM, 493, 593, 39
MM, 0, 8, 23
MM, 15, 14, 25
MM, 7, 15, 49
MM, 2, 15, 136
MM, 376, 612, 12
MM, 22, 15, 49
MC, 1, 222
MM, 23, 15, 63
MM, 25, 17, 13
MM, 29, 23, 10
MM, 17, 12, 62
MM, 28, 18, 42
MM, 32, 20, 9
MM, 408, 657, 23
MM, 2, 24, 25
MM, 4, 24, 26
MM, 5, 24, 36
MM, 7, 24, 148
MM, 8, 24, 12
MM, 10, 23, 13
MM, 11, 23, 12
MM, 12, 23, 37
MM, 12, 21, 210
MM, 12, 18, 12
MM, 12, 12, 12
MM, 421, 633, 25
MM, 2, 21, 27
MM, 19, 26, 35
MM, 25, 15, 38
MM, 25, 14, 26
MM, 26, 14, 11
MC, 1, 197
MM, 26, 15, 49
MM, 26, 20, 25
MM, 27, 26, 14
MM, 443, 595, 10
MM, 27, 19, 25
MM, 6, 15, 38
MM, 459, 669, 37
MM, 64, 23, 24
MM, 470, 713, 38
MM, 472, 716, 24
MM, 472, 717, 13
MM, 473, 720, 48
MM, 474, 721, 25
MM, 475, 721, 24
MM, 477, 714, 260
MM, 83, 29, 11
MM, 96, 10, 14
MM, 524, 633, 25
MM, 6, 11, 25
MM, 34, 2, 25
MM, 8, 1, 24
MM, 16, 1, 28
MM, 19, 25, 57
MM, 645, 628, 49
MM, 644, 628, 161
MM, 643, 629, 13
MM, 639, 632, 27
MM, 637, 633, 10
MM, 20, 1, 11
MM, 17, 4, 26
MM, 15, 8, 25
MM, 14, 8, 24
MC, 1, 174
MM, 11, 16, 36
MM, 37, 25, 38
MM, 104, 4, 50
MM, 77, 8, 57
MC, 1, 237
MM, 71, 8, 111
MM, 63, 8, 13
MM, 53, 4, 12
MM, 15, 28, 24
MM, 406, 645, 28
MM, 30, 4, 23
MM, 29, 1, 37
MM, 29, 0, 12
MM, 398, 631, 25
MM, 16, 30, 26
MM, 15, 27, 26
MM, 12, 24, 21
MM, 11, 22, 13
MM, 9, 20, 12
MM, 3, 15, 25
MM, 2, 14, 12
MM, 0, 14, 13
MM, 379, 611, 13
MM, 378, 611, 39
MM, 377, 611, 10
MM, 374, 611, 24
MM, 34, 14, 12
MM, 32, 15, 24
MM, 31, 15, 14
MM, 30, 15, 24
MC, 1, 149
MM, 31, 15, 98
MM, 374, 612, 25
MM, 0, 15, 25
MM, 4, 15, 39
MM, 7, 15, 24
MM, 9, 16, 23
MM, 11, 16, 24
MM, 12, 16, 13
MC, 1, 111
MM, 13, 16, 50
MM, 14, 16, 49
MM, 18, 16, 13
MM, 26, 13, 12
MM, 418, 602, 12
MM, 447, 591, 26
MM, 454, 588, 10
MM, 6, 25, 25
MM, 9, 23, 25
MM, 11, 22, 25
MM, 12, 22, 12
MM, 489, 577, 27
MM, 10, 15, 22
MM, 13, 15, 27
MM, 13, 14, 171
MC, 1, 135
MM, 11, 14, 88
MM, 5, 14, 12
MM, 27, 14, 26
MM, 10, 14, 36
MM, 9, 14, 11
MM, 13, 14, 240
MM, 23, 15, 20
MM, 526, 588, 25
MM, 25, 1, 11
MM, 2, 6, 39
MM, 7, 2, 37
MM, 679, 595, 61
MM, 680, 594, 24
MM, 681, 593, 26
MM, 681, 592, 11
MM, 681, 591, 25
MM, 33, 30, 24
MM, 32, 26, 50
MM, 30, 24, 12
MM, 30, 23, 13
MM, 29, 21, 12
MM, 28, 21, 12
MM, 27, 21, 26
MC, 1, 123
MM, 26, 21, 49
MM, 25, 22, 13
MM, 18, 24, 24
MM, 658, 591, 24
MM, 25, 16, 25
MM, 4, 3, 39
MM, 612, 643, 22
MM, 38, 14, 53
MM, 37, 14, 71
MM, 567, 646, 25
MM, 22, 11, 37
MM, 20, 11, 26
MM, 17, 11, 35
MM, 15, 11, 13
MM, 14, 11, 12
MM, 13, 11, 13
MC, 1, 222
MM, 11, 11, 74
MM, 6, 13, 13
MM, 528, 649, 11
MM, 7, 19, 25
MM, 19, 16, 27
MM, 11, 5, 50
MM, 3, 3, 36
MM, 3, 2, 23
MM, 2, 2, 124
MM, 0, 1, 49
MM, 407, 634, 12
MM, 396, 632, 25
MM, 390, 631, 12
MM, 384, 629, 13
MM, 378, 626, 25
MM, 376, 624, 12
MM, 376, 623, 12
MM, 374, 621, 25
MM, 34, 22, 24
MM, 34, 21, 13
MM, 33, 21, 25
MM, 33, 20, 49
MM, 32, 20, 12
MM, 32, 19, 37
MC, 1, 198
MM, 32, 18, 173
MM, 33, 17, 24
MM, 374, 613, 12
MM, 2, 15, 26
MM, 13, 14, 28
MM, 20, 14, 21
MM, 23, 14, 14
MM, 26, 14, 11
MM, 32, 14, 24
MM, 418, 611, 13
MM, 7, 14, 25
MM, 15, 13, 26
MM, 459, 608, 23
MM, 19, 7, 27
MM, 27, 6, 35
MM, 28, 6, 24
MM, 29, 5, 49
MM, 30, 4, 27
MM, 494, 599, 11
MM, 501, 594, 25
MM, 21, 23, 24
MM, 528, 575, 25
MM, 569, 565, 36
MM, 11, 4, 27
MM, 13, 3, 23
MM, 14, 3, 124
MM, 14, 2, 23
MM, 15, 2, 25
MM, 16, 1, 13
MM, 16, 2, 124
MC, 1, 87
MM, 15, 2, 61
MM, 5, 4, 24
MM, 29, 10, 27
MM, 12, 14, 51
MM, 7, 14, 46
MM, 4, 14, 12
MM, 1, 14, 13
MM, 530, 574, 12
MM, 525, 575, 38
MM, 29, 15, 14
MM, 27, 16, 24
MM, 24, 16, 25
MM, 23, 16, 9
MM, 23, 17, 13
MM, 22, 17, 12
MM, 21, 17, 25
MC, 1, 148
MM, 19, 19, 62
MM, 15, 22, 13
MM, 5, 26, 24
MM, 492, 590, 13
MM, 469, 595, 27
MM, 458, 596, 9
MM, 28, 0, 24
MM, 26, 0, 25
MM, 25, 0, 13
MM, 24, 0, 62
MM, 23, 0, 15
MM, 20, 0, 9
MM, 13, 1, 28
MM, 9, 1, 9
MM, 5, 2, 12
MM, 1, 3, 26
MM, 0, 3, 13
MM, 420, 601, 11
MM, 417, 604, 25
MM, 415, 607, 12
MM, 32, 16, 25
MM, 30, 17, 11
MM, 29, 17, 63
MM, 28, 17, 37
MM, 28, 17, 369
MM, 30, 21, 13
MM, 32, 24, 13
MM, 415, 625, 12
MM, 12, 6, 24
MM, 24, 25, 27
MM, 51, 2, 23
MM, 62, 11, 50
MM, 63, 11, 36
MC, 1, 457
MM, 63, 9, 223
MM, 63, 0, 12
MM, 14, 29, 13
MM, 14, 17, 38
MM, 14, 16, 11
MM, 14, 15, 173
MC, 1, 147
MM, 17, 15, 432
MM, 24, 15, 14
MM, 484, 648, 11
MM, 528, 637, 25
MM, 19, 23, 15
MM, 30, 4, 38
MM, 766, 537, 47
MM, 766, 540, 430
MM, 32, 25, 12
MM, 536, 595, 54
MM, 7, 13, 35
MM, 4, 16, 24
MM, 496, 618, 25
MM, 487, 628, 24
MM, 483, 632, 11
MM, 28, 11, 25
MM, 26, 15, 25
MM, 26, 16, 13
MM, 22, 21, 86
MM, 16, 24, 12
MM, 457, 665, 24
MM, 446, 667, 39
MM, 445, 667, 11
MM, 444, 667, 12
MP, 1, 186
MR, 1, 49
MC, 1, 0
MM, 440, 665, 111
MM, 26, 26, 25
MM, 23, 20, 25
MM, 22, 18, 24
MM, 22, 17, 14
MC, 1, 122
MM, 21, 17, 99
MM, 7, 14, 24
MM, 0, 10, 12
MM, 26, 2, 26
MM, 391, 633, 40
MM, 390, 631, 24
MM, 388, 631, 22
MM, 387, 630, 37
MM, 385, 628, 12
MM, 3, 30, 12
MM, 379, 627, 27
MM, 374, 625, 23
MM, 33, 28, 37
MM, 33, 27, 13
MM, 33, 26, 37
MM, 32, 25, 12
MM, 32, 24, 14
MM, 31, 24, 14
MM, 31, 23, 33
MM, 0, 17, 249
MM, 1, 12, 36
MM, 30, 12, 26
MM, 22, 15, 23
MM, 535, 618, 40
MM, 15, 26, 38
MM, 23, 26, 34
MM, 26, 26, 12
MM, 27, 26, 24
MM, 27, 27, 74
MM, 27, 28, 49
MM, 27, 29, 13
MM, 27, 30, 24
MM, 567, 629, 13
MM, 567, 631, 12
MM, 566, 635, 25
MM, 565, 637, 12
MM, 34, 4, 26
MM, 33, 4, 48
MM, 32, 4, 37
MM, 32, 5, 25
MC, 1, 174
MC, 2, 393
MM, 33, 5, 149
MM, 565, 639, 11
MM, 578, 628, 27
MM, 623, 594, 23
MM, 644, 584, 12
MM, 11, 17, 14
MM, 9, 6, 38
MM, 23, 3, 49
MM, 22, 3, 90
MM, 21, 3, 57
MM, 20, 3, 12
MM, 18, 4, 13
MM, 16, 4, 12
MM, 9, 8, 25
MM, 2, 10, 12
MM, 30, 13, 12
MM, 12, 14, 39
MM, 10, 15, 10
MC, 1, 260
MM, 9, 15, 51
MM, 6, 16, 22
MM, 647, 578, 17
MM, 15, 23, 22
MM, 23, 30, 37
MM, 580, 591, 38
MM, 579, 591, 12
MM, 578, 591, 73
MM, 577, 591, 24
MM, 574, 591, 14
MM, 1, 29, 10
MM, 22, 24, 28
MM, 1, 18, 47
MM, 0, 18, 25
MM, 530, 578, 11
MM, 529, 578, 26
MM, 528, 578, 13
MM, 527, 578, 26
MM, 526, 578, 10
MM, 30, 18, 25
MM, 28, 18, 26
MM, 27, 18, 10
MM, 26, 18, 38
MM, 26, 17, 24
MM, 25, 17, 13
MM, 25, 17, 394
MM, 25, 20, 13
MM, 25, 28, 13
MM, 20, 0, 11
MM, 31, 0, 50
MM, 30, 15, 38
MM, 30, 17, 12
MM, 30, 18, 73
MM, 30, 19, 12
MM, 30, 21, 13
MM, 30, 22, 12
MM, 30, 24, 25
MM, 30, 25, 14
MM, 30, 27, 11
MM, 30, 29, 25
MM, 518, 666, 12
MM, 518, 669, 26
MM, 518, 670, 24
MM, 118, 0, 26
MM, 118, 3, 23
MM, 118, 6, 24
MM, 118, 8, 12
MM, 118, 9, 124
MC, 1, 197
MM, 117, 9, 99
MM, 116, 9, 13
MM, 111, 9, 25
MM, 105, 9, 12
MM, 91, 3, 25
MM, 76, 0, 11
MM, 465, 669, 15
MM, 454, 665, 23
MM, 449, 665, 24
MM, 448, 665, 15
MM, 447, 665, 23
MM, 447, 664, 11
MM, 447, 663, 25
MM, 445, 662, 13
MM, 443, 660, 27
MM, 32, 25, 9
MM, 28, 24, 26
MM, 24, 23, 11
MM, 18, 21, 25
MM, 16, 20, 13
MM, 15, 19, 11
MM, 14, 18, 26
MM, 14, 17, 25
MM, 14, 15, 196
MM, 15, 15, 26
MM, 15, 13, 12
MM, 21, 8, 13
MM, 25, 19, 24
MM, 34, 5, 38
MM, 456, 600, 14
MM, 456, 599, 22
MM, 457, 599, 26
MM, 458, 599, 61
MM, 458, 597, 24
MM, 459, 595, 13
MM, 460, 592, 14
MM, 7, 26, 22
MM, 10, 21, 13
MM, 17, 14, 24
MM, 20, 12, 14
MM, 22, 10, 12
MM, 24, 8, 24
MM, 25, 8, 13
MM, 25, 7, 49
MC, 1, 125
MM, 26, 7, 122
MM, 27, 7, 12
MM, 28, 7, 12
MM, 29, 7, 13
MM, 488, 567, 25
MM, 491, 567, 26
MM, 2, 7, 23
MM, 5, 7, 26
MM, 7, 7, 14
MM, 9, 8, 9
MM, 13, 10, 25
MM, 16, 10, 13
MM, 21, 11, 11
MM, 29, 12, 25
MM, 526, 573, 24
MM, 527, 573, 13
MM, 528, 573, 111
MM, 529, 573, 13
MM, 529, 574, 12
MM, 530, 574, 14
MM, 0, 15, 23
MM, 1, 15, 26
MM, 2, 15, 11
MM, 3, 16, 12
MM, 4, 16, 28
MM, 5, 17, 10
MM, 6, 17, 24
MM, 7, 18, 172
MM, 7, 19, 13
MM, 7, 21, 12
MM, 8, 27, 26
MM, 539, 595, 11
MM, 540, 632, 39
MM, 11, 2, 12
MM, 11, 4, 24
MM, 11, 5, 14
MM, 11, 6, 23
MM, 10, 7, 12
MM, 8, 13, 25
MM, 7, 20, 13
MM, 6, 27, 11
MM, 133, 0, 25
MM, 132, 9, 38
MM, 131, 11, 11
MM, 130, 14, 50
MM, 129, 14, 29
MC, 1, 193
MM, 127, 14, 99
MM, 126, 14, 12
MM, 123, 14, 13
MM, 117, 12, 17
MM, 106, 6, 20
MM, 103, 4, 12
MM, 102, 3, 11
MM, 101, 1, 26
MM, 101, 0, 36
MM, 501, 670, 64
MP, 1, 37
MR, 1, 87
MM, 501, 668, 73
MM, 501, 667, 12
MM, 501, 665, 12
MM, 13, 30, 12
MM, 13, 24, 28
MM, 13, 21, 25
MM, 13, 20, 34
MC, 1, 123
MM, 12, 20, 210
MM, 8, 13, 25
MM, 0, 3, 13
MM, 479, 628, 11
MM, 4, 17, 25
MM, 456, 603, 51
MM, 32, 3, 37
MM, 450, 596, 38
MM, 447, 592, 37
MM, 29, 30, 34
MM, 28, 30, 50
MM, 27, 30, 24
MM, 26, 30, 49
MM, 24, 30, 17
MM, 23, 28, 21
MM, 22, 28, 12
MM, 22, 27, 26
MM, 22, 27, 480
MM, 22, 28, 12
MM, 22, 30, 12
MM, 437, 591, 13
MM, 436, 593, 13
MM, 14, 1, 24
MM, 10, 19, 40
MM, 15, 6, 34
MM, 11, 15, 40
MM, 9, 20, 22
MM, 7, 24, 12
MM, 5, 29, 25
MM, 5, 30, 12
MM, 414, 665, 25
MM, 413, 666, 25
MP, 1, 74
MR, 1, 86
MC, 1, 0
MM, 413, 665, 99
MM, 4, 30, 37
MM, 4, 29, 12
MM, 4, 28, 26
MM, 4, 27, 11
MM, 5, 23, 26
MC, 1, 150
MM, 4, 23, 84
MM, 3, 23, 25
MM, 1, 23, 12
MM, 407, 656, 13
MM, 24, 25, 36
MM, 7, 12, 39
MM, 6, 11, 11
MM, 6, 10, 62
MC, 1, 186
MM, 13, 10, 97
MM, 24, 10, 13
MM, 374, 607, 12
MM, 15, 5, 38
MM, 512, 594, 37
MM, 561, 592, 85
MM, 564, 592, 38
MM, 567, 592, 24
MM, 569, 592, 24
MM, 570, 591, 63
MM, 0, 30, 50
MM, 0, 29, 37
MM, 0, 27, 123
MM, 1, 26, 48
MM, 1, 25, 37
MM, 2, 24, 41
MM, 2, 23, 70
MM, 2, 24, 123
MM, 1, 24, 13
MM, 566, 586, 13
MM, 17, 30, 25
MM, 502, 595, 37
MM, 25, 2, 24
MM, 1, 7, 50
MM, 27, 10, 25
MM, 14, 13, 39
MM, 5, 14, 34
MM, 2, 14, 13
MM, 415, 612, 24
MM, 32, 15, 39
MM, 29, 15, 62
MM, 27, 15, 10
MM, 26, 15, 14
MC, 1, 147
MM, 27, 15, 24
MM, 28, 15, 54
MM, 29, 15, 23
MM, 31, 14, 35
MM, 415, 607, 12
MM, 13, 27, 40
MM, 16, 23, 21
MM, 16, 22, 99
MC, 1, 272
MM, 16, 23, 123
MM, 29, 2, 37
MM, 494, 630, 52
MM, 30, 18, 35
MM, 33, 21, 38
MM, 33, 22, 11
MM, 33, 24, 26
MM, 524, 664, 23
MM, 527, 668, 13
MM, 129, 1, 24
MM, 129, 2, 27
MM, 129, 3, 35
MM, 129, 4, 26
MC, 1, 234
MM, 128, 1, 135
MM, 524, 658, 13
MM, 511, 631, 26
MM, 5, 25, 23
MM, 3, 23, 26
MM, 2, 22, 25
MM, 1, 21, 24
MM, 0, 18, 12
MM, 498, 611, 12
MM, 495, 599, 40
MM, 494, 596, 21
MM, 494, 595, 27
MM, 494, 594, 35
MM, 496, 593, 63
MM, 500, 591, 12
MM, 10, 29, 12
MM, 20, 19, 24
MM, 25, 10, 25
MM, 26, 10, 13
MM, 30, 15, 332
MM, 1, 23, 13
MM, 8, 9, 39
MM, 13, 16, 36
MM, 13, 17, 73
MC, 1, 149
MM, 9, 17, 61
MM, 1, 14, 14
MM, 30, 9, 10
MM, 30, 17, 51
MM, 14, 15, 49
MM, 8, 15, 25
MM, 7, 15, 36
MM, 4, 15, 26
MM, 1, 15, 11
MM, 0, 15, 26
MM, 414, 575, 24
MM, 413, 575, 12
MP, 1, 50
MR, 1, 99
MC, 1, 0
MM, 0, 15, 11
MM, 2, 15, 25
MM, 3, 15, 39
MM, 4, 15, 23
MM, 5, 14, 24
MM, 8, 14, 25
MM, 10, 14, 13
MM, 33, 14, 49
MM, 452, 574, 12
MM, 455, 574, 25
MM, 0, 14, 13
MM, 455, 574, 309
MM, 454, 574, 36
MM, 453, 574, 13
MM, 451, 574, 12
MM, 34, 14, 11
MM, 32, 14, 42
MC, 1, 169
MM, 33, 14, 74
MM, 34, 14, 24
MM, 450, 574, 13
MM, 451, 574, 12
MM, 452, 574, 24
MM, 453, 574, 13
MM, 454, 574, 12
MM, 3, 14, 27
MM, 12, 14, 25
MM, 17, 14, 23
MM, 18, 14, 24
MC, 1, 185
MM, 12, 14, 50
MM, 8, 13, 172
MM, 10, 13, 346
MM, 11, 13, 74
MM, 14, 13, 27
MM, 20, 20, 10
MM, 26, 29, 13
MM, 34, 10, 24
MM, 22, 7, 27
MM, 95, 16, 36
MM, 504, 719, 49
MM, 499, 727, 295
MM, 494, 715, 13
MM, 490, 704, 12
MM, 89, 27, 13
MM, 88, 21, 25
MM, 88, 20, 13
MM, 87, 19, 11
MM, 87, 18, 24
MM, 87, 17, 27
MM, 87, 16, 11
MC, 1, 210
MM, 89, 16, 110
MM, 91, 14, 13
MM, 94, 13, 12
MM, 99, 9, 25
MM, 102, 6, 12
MM, 105, 3, 13
MM, 511, 669, 12
MM, 1, 15, 24
MM, 19, 1, 26
MM, 19, 30, 25
MM, 27, 27, 38
MM, 28, 27, 22
MM, 32, 26, 125
MM, 575, 620, 11
MM, 579, 617, 15
MM, 4, 13, 23
MM, 7, 6, 24
MM, 10, 3, 26
MM, 10, 1, 12
MM, 594, 596, 24
MM, 594, 595, 27
MM, 595, 595, 109
MM, 596, 595, 25
MM, 596, 594, 12
MM, 598, 593, 12
MM, 603, 591, 26
MM, 609, 589, 24
MM, 610, 587, 12
MM, 1, 26, 14
MM, 2, 25, 22
MM, 2, 23, 25
MC, 1, 410
MM, 610, 584, 196
MM, 16, 27, 25
MM, 515, 595, 27
MM, 24, 1, 35
MM, 9, 2, 37
MM, 3, 3, 25
MM, 0, 3, 11
MM, 418, 600, 13
MM, 415, 601, 25
MM, 34, 4, 74
MM, 32, 5, 25
MM, 31, 6, 11
MM, 30, 6, 25
MM, 29, 7, 61
MC, 1, 395
MM, 30, 9, 87
MM, 33, 10, 12
MM, 419, 612, 12
MM, 17, 29, 14
MM, 86, 9, 37
MM, 508, 702, 37
MM, 516, 709, 37
MM, 517, 711, 13
MM, 518, 711, 60
MM, 518, 712, 37
MM, 520, 713, 25
MM, 522, 715, 13
MM, 523, 717, 18
MM, 526, 720, 18
MM, 526, 721, 13
MM, 527, 721, 12
MM, 528, 721, 37
MP, 1, 311
MR, 1, 133
MC, 1, 0
MM, 529, 718, 112
MM, 530, 714, 12
MM, 531, 704, 12
MM, 132, 20, 12
MM, 134, 4, 25
MM, 135, 2, 12
MM, 135, 1, 14
MC, 1, 505
MM, 136, 0, 111
MM, 538, 669, 14
MM, 13, 29, 29
MM, 18, 19, 20
MC, 1, 504
MM, 20, 17, 124
MM, 24, 15, 13
MM, 33, 10, 15
MM, 2, 6, 10
MM, 27, 27, 37
MM, 24, 12, 39
MM, 0, 1, 35
MM, 662, 594, 39
MM, 663, 594, 10
MM, 26, 27, 49
MM, 29, 24, 27
MM, 30, 23, 11
MC, 1, 471
MM, 26, 28, 108
MM, 8, 1, 12
MM, 32, 19, 29
MM, 613, 640, 48
MM, 21, 22, 24
MM, 564, 677, 37
MM, 147, 14, 25
MM, 138, 17, 37
MM, 134, 19, 85
MM, 130, 21, 12
MM, 125, 25, 25
MM, 121, 27, 39
MM, 120, 27, 24
MM, 120, 28, 11
MM, 118, 28, 12
MM, 114, 29, 12
MC, 1, 506
MM, 114, 25, 309
MM, 114, 20, 14
MM, 114, 15, 11
MM, 114, 4, 12
MM, 26, 22, 12
MM, 17, 25, 38
MM, 18, 21, 38
MC, 1, 594
MM, 14, 21, 133
MM, 10, 21, 13
MM, 6, 19, 13
MM, 4, 17, 10
MM, 498, 611, 25
MM, 497, 610, 27
MM, 497, 609, 72
MM, 496, 608, 39
MM, 495, 606, 12
MM, 495, 605, 36
MM, 495, 604, 36
MM, 494, 602, 25
MM, 30, 3, 13
MM, 28, 1, 12
MM, 486, 593, 27
MM, 26, 29, 24
MM, 23, 28, 24
MM, 22, 27, 24
MC, 1, 422
MM, 19, 27, 195
MM, 13, 27, 13
MM, 6, 27, 11
MM, 29, 27, 25
MM, 36, 30, 25
MM, 376, 603, 50
MM, 31, 12, 25
MM, 26, 18, 36
MM, 25, 18, 29
MM, 24, 18, 33
MM, 24, 19, 25
MM, 23, 20, 12
MM, 22, 20, 13
MM, 21, 20, 36
MC, 1, 87
MM, 22, 20, 67
MM, 25, 21, 7
MM, 31, 23, 24
MM, 375, 622, 13
MM, 4, 26, 12
MM, 408, 630, 24
MM, 9, 0, 27
MM, 12, 2, 23
MM, 16, 2, 49
MM, 20, 2, 13
MM, 25, 2, 12
MM, 31, 2, 13
MM, 445, 636, 13
MM, 1, 3, 23
MM, 3, 4, 25
MM, 3, 5, 112
MM, 5, 5, 12
MM, 7, 9, 25
MM, 9, 10, 13
MM, 10, 11, 11
MM, 10, 12, 25
MM, 14, 12, 296
MM, 18, 12, 12
MM, 22, 12, 13
MM, 29, 12, 29
MM, 487, 646, 20
MM, 11, 12, 25
MM, 16, 11, 24
MM, 19, 9, 25
MM, 19, 7, 24
MM, 22, 4, 26
MM, 22, 2, 13
MM, 24, 0, 36
MM, 513, 633, 13
MM, 27, 20, 38
MM, 22, 24, 36
MM, 29, 16, 37
MM, 32, 15, 23
MM, 566, 577, 38
MM, 569, 581, 24
MM, 9, 26, 25
MM, 592, 591, 40
MM, 599, 595, 34
MM, 20, 0, 13
MM, 22, 0, 38
MM, 605, 591, 159
MM, 609, 581, 25
MM, 2, 16, 24
MM, 3, 15, 25
MM, 2, 15, 160
MM, 1, 15, 100
MM, 610, 575, 247
MM, 608, 575, 11
MM, 34, 15, 37
MM, 13, 14, 38
MM, 0, 6, 24
MM, 11, 0, 38
MM, 2, 0, 38
MM, 529, 560, 23
MM, 526, 561, 64
MM, 30, 3, 23
MM, 29, 5, 25
MM, 28, 5, 74
MM, 27, 5, 11
MM, 27, 6, 13
MM, 26, 6, 61
MC, 1, 124
MM, 27, 6, 111
MM, 28, 6, 12
MM, 28, 7, 24
MM, 30, 8, 13
MM, 528, 569, 38
MM, 1, 10, 24
MM, 4, 10, 25
MM, 5, 10, 49
MC, 1, 160
MM, 7, 11, 347
MM, 9, 12, 12
MM, 15, 15, 25
MM, 20, 26, 24
MM, 17, 13, 25
MM, 566, 631, 50
MM, 567, 632, 36
MM, 568, 636, 38
MM, 2, 12, 24
MM, 17, 24, 37
MM, 21, 27, 24
MM, 25, 28, 25
MM, 28, 28, 12
MM, 31, 29, 25
MM, 34, 30, 14
MM, 611, 666, 23
MM, 617, 667, 26
MM, 624, 667, 24
MM, 626, 667, 12
MM, 629, 667, 25
MM, 631, 667, 12
MM, 632, 666, 111
MM, 633, 666, 25
MM, 633, 665, 12
MM, 634, 665, 12
MM, 21, 30, 13
MM, 26, 30, 39
MM, 29, 30, 10
MM, 647, 664, 25
MM, 650, 664, 25
MM, 0, 30, 12
MM, 2, 30, 38
MM, 654, 665, 73
MM, 655, 665, 12
MM, 656, 665, 25
MM, 657, 665, 25
MM, 658, 665, 49
MM, 6, 30, 12
MC, 1, 111
MM, 6, 29, 27
MM, 10, 29, 467
MM, 13, 29, 12
MM, 15, 29, 13
MM, 686, 664, 26
MM, 726, 665, 37
MM, 744, 665, 11
MM, 766, 665, 24
MM, 776, 665, 26
MM, 781, 664, 12
MM, 793, 663, 24
MM, 798, 663, 27
MM, 800, 663, 11
MM, 801, 663, 24
MM, 802, 663, 28
MM, 805, 662, 59
MM, 806, 662, 36
MM, 806, 661, 15
MM, 807, 661, 23
MM, 807, 660, 49
MM, 808, 654, 160
MM, 809, 651, 13
MM, 38, 37, 12
MM, 38, 35, 12
MM, 38, 34, 49
MM, 38, 33, 50
