********************************************************************************
LOGGING TIME: 20171023_134458
CLIENT IP: 10.105.66.73
USERNAME: sandeep2103
OS: Windows 10
**********************************Emotional database********************************************************************************
MM, 240, 13, 1507533521386
MM, 313, 251, 614
MM, 314, 251, 319
MM, 315, 251, 13
MM, 318, 252, 24
MM, 323, 255, 12
MM, 329, 258, 13
MM, 333, 261, 13
MM, 336, 262, 14
MM, 337, 262, 20
MM, 338, 260, 26
MM, 338, 259, 12
MM, 338, 254, 13
MM, 322, 162, 49
MM, 316, 142, 14
MM, 312, 132, 12
MM, 308, 124, 12
MM, 305, 121, 12
MM, 302, 120, 12
MM, 300, 119, 13
MM, 299, 119, 111
MM, 298, 119, 25
MM, 298, 118, 12
MM, 297, 117, 12
MM, 295, 115, 13
MM, 293, 114, 297
MM, 295, 118, 27
MM, 297, 126, 12
MM, 299, 134, 10
MM, 301, 141, 12
MM, 304, 147, 13
MM, 309, 164, 61
MM, 311, 168, 12
MM, 313, 172, 13
MM, 354, 259, 87
MM, 358, 273, 11
MM, 117, 18, 63
MM, 119, 16, 656
MM, 121, 9, 10
MM, 378, 285, 13
MM, 385, 276, 13
MM, 396, 260, 12
MM, 507, 155, 37
MM, 586, 76, 25
MM, 595, 65, 11
MM, 598, 61, 13
MM, 601, 59, 25
MM, 601, 60, 87
MM, 601, 61, 12
MM, 600, 62, 13
MM, 600, 63, 11
MM, 599, 65, 13
MM, 597, 68, 12
MM, 596, 69, 13
MM, 595, 71, 13
MM, 594, 73, 11
MM, 592, 74, 13
MM, 589, 75, 11
MM, 587, 78, 13
MM, 581, 83, 12
MM, 573, 92, 12
MM, 521, 143, 26
MM, 445, 254, 36
MM, 432, 269, 13
MM, 421, 278, 12
MM, 417, 281, 12
MM, 415, 284, 14
MM, 415, 285, 11
MM, 164, 0, 49
MM, 164, 2, 13
MM, 163, 8, 12
MM, 163, 15, 12
MM, 162, 20, 13
MM, 162, 24, 12
MM, 162, 26, 13
MM, 162, 27, 11
MM, 162, 28, 14
MC, 1, 222
MM, 162, 33, 22111
MM, 166, 41, 11
MM, 172, 56, 13
MM, 181, 76, 14
MM, 439, 377, 11
MM, 448, 407, 12
MM, 200, 20, 12
MM, 201, 38, 13
MM, 201, 52, 12
MM, 201, 61, 12
MM, 201, 71, 13
MM, 201, 76, 12
MM, 201, 80, 14
MM, 201, 81, 36
MM, 201, 82, 61
MM, 201, 78, 272
MM, 201, 77, 13
MM, 201, 76, 12
MM, 200, 75, 50
MM, 198, 75, 24
MM, 197, 75, 12
MM, 194, 74, 12
MM, 193, 72, 13
MM, 192, 72, 13
MM, 191, 70, 11
MM, 189, 67, 14
MM, 188, 66, 11
MM, 188, 65, 13
MM, 187, 64, 25
MM, 187, 65, 123
MM, 187, 66, 235
MM, 186, 71, 13
MM, 183, 81, 12
MM, 430, 509, 12
MM, 426, 521, 13
MM, 9, 8, 12
MM, 4, 14, 13
MM, 2, 19, 12
MM, 0, 22, 12
MM, 413, 546, 12
MM, 407, 558, 38
MM, 34, 1, 11
MM, 33, 5, 13
MM, 31, 6, 12
MM, 31, 8, 12
MM, 30, 9, 13
MM, 30, 8, 86
MM, 30, 3, 12
MM, 404, 555, 14
MM, 1, 22, 12
MM, 29, 10, 25
MM, 12, 6, 17
MM, 8, 5, 45
MM, 15, 14, 38
MM, 16, 18, 10
MM, 17, 20, 12
MM, 17, 21, 14
MM, 17, 22, 12
MM, 17, 23, 25
MM, 17, 25, 38
MM, 16, 27, 11
MM, 14, 30, 13
MM, 511, 555, 11
MM, 10, 1, 74
MM, 12, 4, 50
MM, 13, 7, 12
MM, 14, 10, 13
MM, 15, 11, 12
MM, 16, 12, 14
MC, 1, 122
MM, 16, 14, 76
MM, 17, 15, 11
MM, 19, 18, 12
MM, 22, 21, 12
MM, 28, 27, 12
MM, 527, 591, 13
MM, 535, 599, 13
MM, 0, 8, 24
MM, 1, 9, 12
MC, 1, 272
MM, 534, 606, 161
MM, 23, 6, 11
MM, 12, 29, 26
MM, 7, 19, 38
MM, 3, 19, 37
MM, 4, 19, 146
MC, 1, 100
MM, 5, 19, 68
MM, 6, 19, 10
MM, 7, 20, 8
MM, 8, 21, 15
MM, 499, 702, 110
MM, 508, 715, 23
MM, 509, 716, 13
MM, 509, 717, 13
MM, 504, 714, 36
MM, 494, 704, 50
MM, 94, 29, 173
MM, 93, 26, 13
MM, 93, 25, 12
MM, 93, 23, 24
MC, 1, 113
MM, 94, 22, 84
MM, 97, 20, 13
MM, 101, 18, 12
MM, 103, 17, 15
MM, 109, 15, 23
MM, 112, 14, 24
MM, 114, 14, 12
MM, 117, 12, 14
MM, 121, 11, 11
MM, 126, 9, 13
MM, 129, 7, 12
MM, 132, 4, 12
MM, 133, 1, 12
MM, 134, 0, 14
MM, 535, 668, 12
MM, 9, 27, 24
MM, 10, 24, 27
MC, 1, 182
MM, 5, 24, 149
MM, 525, 655, 13
MM, 22, 19, 12
MM, 448, 636, 27
MM, 23, 20, 36
MM, 16, 19, 11
MM, 13, 18, 24
MM, 12, 17, 13
MM, 10, 17, 25
MM, 9, 17, 12
MM, 7, 17, 12
MM, 6, 17, 12
MM, 3, 17, 12
MM, 34, 16, 62
MM, 33, 16, 76
MC, 1, 123
MM, 34, 16, 49
MM, 375, 613, 37
MM, 4, 17, 13
MM, 30, 22, 25
MM, 479, 630, 24
MM, 503, 633, 12
MM, 25, 9, 25
MM, 4, 17, 25
MM, 12, 21, 41
MM, 13, 21, 20
MC, 1, 259
MM, 9, 21, 99
MM, 2, 21, 13
MM, 31, 21, 12
MM, 480, 632, 41
MM, 21, 17, 34
MM, 7, 11, 25
MM, 1, 6, 11
MM, 416, 598, 25
MM, 415, 596, 25
MM, 414, 596, 24
MM, 414, 595, 25
MM, 414, 594, 13
MM, 416, 592, 112
MM, 3, 30, 12
MM, 7, 29, 23
MM, 8, 28, 25
MC, 1, 102
MM, 9, 28, 110
MM, 10, 28, 23
MM, 11, 29, 13
MM, 429, 593, 13
MM, 18, 15, 25
MM, 455, 633, 25
MM, 18, 21, 37
MM, 18, 24, 11
MM, 18, 25, 16
MM, 18, 26, 69
MM, 18, 28, 200
MM, 467, 666, 23
MM, 467, 669, 25
MM, 467, 670, 37
MM, 471, 670, 420
MM, 473, 669, 13
MM, 482, 667, 12
MM, 3, 29, 12
MM, 31, 4, 28
MM, 15, 16, 10
MM, 33, 25, 39
MM, 696, 522, 37
MM, 17, 1, 38
MM, 747, 524, 24
MM, 777, 519, 38
MM, 781, 519, 9
MM, 784, 519, 11
MM, 796, 519, 25
MM, 801, 519, 15
MM, 803, 519, 11
MM, 807, 519, 11
MM, 812, 517, 29
MM, 815, 517, 9
MM, 817, 516, 12
MM, 824, 516, 25
MM, 827, 516, 13
MM, 828, 517, 11
MM, 828, 518, 25
MM, 828, 519, 13
MM, 828, 520, 15
MM, 807, 559, 58
MM, 804, 565, 13
MM, 800, 568, 27
MP, 1, 109
MR, 1, 50
MM, 800, 565, 24
MM, 800, 563, 13
MM, 800, 560, 12
MM, 800, 559, 12
MM, 800, 558, 13
MM, 800, 557, 13
MM, 800, 556, 37
MM, 800, 555, 24
MP, 1, 38
MR, 1, 73
MC, 1, 0
MM, 800, 554, 112
MM, 785, 555, 370
MM, 774, 559, 12
MM, 744, 567, 24
MM, 734, 575, 13
MM, 29, 23, 12
MM, 699, 596, 13
MM, 6, 24, 38
MM, 23, 0, 38
MM, 610, 642, 38
MM, 33, 11, 25
MM, 31, 11, 22
MM, 29, 12, 73
MM, 26, 13, 13
MM, 23, 17, 49
MM, 17, 23, 13
MM, 578, 666, 13
MM, 567, 676, 11
MM, 134, 23, 25
MM, 120, 30, 26
MM, 119, 30, 12
MM, 118, 30, 12
MM, 118, 26, 49
MM, 117, 23, 12
MM, 117, 21, 12
MM, 117, 19, 16
MM, 117, 17, 22
MC, 1, 185
MM, 120, 17, 100
MM, 126, 14, 11
MM, 135, 5, 13
MM, 18, 30, 12
MM, 30, 17, 39
MM, 25, 23, 50
MM, 27, 22, 49
MM, 27, 21, 146
MM, 27, 20, 25
MM, 28, 20, 12
MM, 30, 20, 12
MM, 645, 578, 13
MM, 11, 12, 27
MM, 30, 6, 24
MM, 33, 5, 11
MM, 683, 565, 24
MM, 34, 5, 74
MM, 32, 5, 27
MM, 31, 6, 22
MM, 30, 6, 13
MM, 29, 6, 12
MM, 28, 6, 13
MM, 27, 7, 12
MM, 26, 7, 25
MM, 23, 7, 210
MM, 20, 7, 12
MM, 15, 8, 13
MM, 643, 568, 25
MM, 20, 8, 12
MM, 16, 8, 25
MM, 17, 8, 39
MM, 31, 15, 35
MM, 27, 17, 13
MM, 26, 18, 24
MM, 26, 19, 86
MM, 26, 20, 13
MM, 26, 21, 37
MM, 26, 26, 12
MM, 482, 593, 13
MM, 20, 3, 25
MM, 20, 6, 24
MM, 19, 6, 86
MC, 1, 259
MM, 19, 8, 311
MM, 19, 12, 12
MM, 19, 14, 11
MM, 19, 19, 12
MM, 19, 29, 13
MM, 32, 4, 12
MM, 27, 22, 39
MM, 26, 27, 25
MM, 26, 30, 10
MM, 475, 666, 13
MM, 475, 670, 25
MM, 74, 0, 24
MM, 73, 0, 49
MC, 1, 260
MM, 73, 1, 38
MM, 73, 3, 36
MM, 73, 4, 13
MM, 73, 5, 12
MM, 72, 6, 13
MM, 71, 7, 23
MM, 71, 8, 13
MM, 69, 8, 99
MM, 67, 8, 12
MM, 65, 8, 13
MM, 44, 4, 24
MM, 431, 666, 13
MM, 0, 29, 25
MM, 9, 2, 39
MM, 345, 594, 22
MM, 346, 596, 283
MM, 11, 1, 13
MM, 14, 2, 13
MM, 16, 5, 25
MM, 16, 6, 11
MM, 17, 6, 13
MM, 19, 6, 188
MM, 20, 6, 22
MM, 21, 6, 14
MM, 378, 603, 24
MM, 21, 6, 24
MM, 6, 6, 25
MM, 32, 24, 63
MM, 653, 624, 52
MM, 654, 624, 58
MM, 655, 624, 28
MM, 2, 27, 22
MM, 5, 27, 12
MM, 12, 28, 37
MM, 12, 27, 100
MM, 12, 26, 10
MM, 12, 24, 26
MC, 1, 135
MC, 2, 384
MM, 12, 25, 12
MM, 12, 26, 75
MM, 11, 26, 12
MM, 10, 28, 49
MM, 8, 29, 12
MM, 662, 628, 13
MM, 646, 635, 25
MM, 15, 13, 24
MM, 614, 658, 27
MM, 602, 665, 23
MM, 593, 668, 26
MM, 589, 670, 12
MM, 585, 672, 11
MM, 571, 676, 25
MM, 564, 677, 12
MM, 157, 9, 12
MM, 152, 10, 26
MM, 150, 11, 14
MM, 149, 11, 10
MM, 149, 12, 36
MC, 1, 149
MM, 149, 11, 123
MM, 149, 10, 13
MM, 148, 9, 12
MM, 147, 5, 12
MM, 146, 0, 13
MM, 14, 26, 24
MM, 10, 17, 27
MM, 4, 4, 24
MM, 2, 0, 24
MM, 531, 632, 12
MM, 531, 630, 24
MM, 530, 628, 26
MM, 30, 29, 11
MM, 28, 25, 27
MM, 28, 23, 11
MM, 26, 14, 24
MM, 23, 8, 14
MM, 22, 3, 11
MM, 520, 594, 26
MM, 519, 592, 26
MM, 24, 30, 23
MM, 24, 29, 25
MM, 23, 29, 11
MC, 1, 186
MM, 26, 29, 148
MM, 526, 590, 12
MM, 537, 599, 24
MM, 7, 11, 27
MM, 12, 15, 11
MM, 17, 18, 25
MM, 18, 19, 12
MM, 18, 20, 24
MM, 18, 21, 51
MM, 13, 21, 151
MM, 11, 21, 22
MM, 3, 21, 23
MM, 22, 13, 25
MM, 4, 2, 26
MM, 483, 592, 25
MM, 18, 29, 25
MM, 15, 29, 25
MM, 13, 28, 11
MM, 13, 27, 25
MM, 12, 27, 88
MM, 11, 27, 47
MM, 10, 27, 50
MM, 9, 27, 25
MM, 8, 27, 12
MM, 6, 27, 14
MM, 3, 27, 11
MM, 453, 587, 25
MM, 451, 587, 11
MM, 450, 587, 38
MM, 34, 27, 99
MC, 1, 186
MM, 34, 28, 406
MM, 450, 595, 13
MM, 30, 8, 13
MM, 5, 7, 37
MM, 56, 3, 39
MM, 58, 8, 23
MC, 1, 394
MM, 57, 8, 49
MM, 56, 8, 26
MM, 55, 8, 26
MM, 53, 8, 11
MM, 51, 8, 12
MM, 36, 3, 24
MM, 432, 670, 13
MM, 13, 23, 25
MM, 11, 18, 26
MM, 9, 15, 23
MM, 9, 14, 13
MC, 1, 221
MM, 10, 14, 39
MM, 11, 14, 24
MM, 13, 14, 11
MM, 32, 10, 25
MM, 5, 7, 13
MM, 22, 11, 38
MM, 17, 22, 37
MM, 6, 15, 61
MM, 8, 14, 25
MM, 9, 14, 62
MM, 9, 13, 25
MM, 10, 13, 87
MC, 1, 109
MM, 9, 13, 27
MM, 6, 18, 49
MM, 26, 0, 23
MM, 573, 695, 37
MM, 551, 722, 53
MM, 550, 722, 10
MM, 550, 721, 25
MM, 550, 719, 24
MM, 550, 718, 24
MM, 550, 714, 25
MM, 550, 713, 26
MM, 550, 710, 23
MM, 550, 704, 13
MM, 150, 24, 12
MM, 148, 5, 24
MM, 19, 28, 13
MM, 19, 7, 38
MM, 19, 6, 13
MC, 1, 221
MM, 18, 6, 124
MM, 17, 6, 12
MM, 13, 6, 25
MM, 11, 4, 12
MM, 7, 0, 25
MM, 535, 633, 13
MM, 533, 630, 24
MM, 32, 26, 24
MM, 25, 9, 39
MM, 22, 5, 10
MM, 19, 3, 26
MM, 19, 1, 12
MM, 18, 1, 12
MM, 18, 0, 186
MM, 516, 596, 26
MM, 516, 594, 11
MM, 20, 27, 37
MM, 20, 26, 13
MM, 21, 26, 234
MC, 1, 98
MM, 22, 26, 260
MM, 25, 26, 12
MM, 29, 26, 12
MM, 528, 586, 13
MM, 8, 26, 25
MM, 1, 25, 25
MM, 24, 16, 39
MM, 17, 13, 36
MM, 15, 13, 49
MM, 14, 13, 12
MM, 12, 13, 24
MM, 11, 13, 13
MM, 10, 13, 24
MM, 9, 13, 11
MM, 7, 13, 28
MM, 5, 13, 10
MM, 688, 573, 13
MM, 23, 13, 27
MM, 13, 13, 22
MM, 10, 14, 28
MM, 9, 14, 9
MM, 8, 14, 86
MM, 5, 14, 38
MM, 1, 14, 12
MM, 644, 574, 12
MM, 29, 14, 13
MM, 20, 14, 24
MM, 17, 14, 12
MC, 1, 211
MM, 17, 15, 247
MM, 16, 15, 13
MM, 14, 16, 13
MM, 13, 17, 11
MM, 15, 3, 25
MM, 29, 9, 40
MM, 11, 24, 36
MM, 8, 26, 10
MM, 6, 26, 25
MM, 6, 28, 25
MM, 5, 28, 11
MM, 5, 29, 51
MM, 4, 30, 12
MM, 3, 30, 74
MM, 3, 29, 37
MM, 3, 28, 62
MM, 4, 27, 61
MM, 5, 26, 12
MM, 6, 26, 14
MM, 7, 25, 36
MM, 8, 25, 27
MM, 8, 24, 10
MC, 1, 75
MM, 7, 24, 272
MM, 5, 24, 11
MM, 2, 24, 13
MM, 525, 657, 13
MM, 20, 17, 12
MM, 409, 579, 38
MM, 20, 8, 24
MM, 16, 4, 26
MM, 16, 3, 23
MM, 17, 3, 61
MM, 20, 2, 27
MM, 22, 1, 11
MM, 23, 1, 12
MM, 24, 0, 14
MM, 25, 0, 24
MM, 26, 0, 24
MM, 28, 0, 13
MM, 32, 0, 24
MM, 34, 0, 12
MM, 409, 562, 26
MM, 411, 565, 11
MM, 10, 17, 26
MM, 15, 23, 24
MM, 16, 24, 25
MC, 1, 209
MM, 17, 24, 64
MM, 18, 24, 35
MM, 19, 25, 26
MM, 21, 26, 12
MM, 23, 26, 13
MM, 32, 28, 24
MM, 452, 589, 11
MM, 459, 594, 26
MM, 1, 0, 12
MM, 14, 11, 24
MM, 29, 22, 26
MM, 493, 621, 11
MM, 497, 624, 26
MM, 498, 625, 24
MM, 0, 28, 25
MM, 2, 28, 26
MM, 3, 28, 12
MM, 4, 29, 24
MM, 5, 29, 12
MM, 8, 29, 12
MM, 13, 30, 12
MM, 518, 629, 24
MM, 520, 630, 14
MM, 522, 631, 24
MM, 524, 633, 26
MM, 525, 633, 11
MM, 526, 634, 14
MM, 0, 2, 24
MM, 1, 3, 13
MM, 3, 5, 23
MM, 5, 5, 25
MM, 5, 6, 12
MM, 6, 7, 50
MC, 1, 136
MM, 5, 6, 98
MM, 4, 4, 13
MM, 2, 0, 12
MM, 28, 29, 25
MM, 19, 14, 38
MM, 18, 12, 11
MM, 12, 10, 25
MM, 10, 8, 13
MM, 9, 6, 24
MM, 9, 5, 37
MM, 9, 4, 25
MM, 11, 2, 24
MM, 13, 1, 13
MM, 513, 596, 12
MM, 513, 592, 25
MM, 19, 27, 14
MM, 19, 18, 23
MM, 19, 15, 25
MM, 18, 15, 12
MM, 17, 14, 15
MC, 1, 133
MM, 17, 15, 75
MM, 16, 15, 11
MM, 14, 17, 13
MM, 10, 21, 12
MM, 4, 27, 13
MM, 485, 591, 16
MM, 458, 604, 21
MM, 11, 17, 24
MM, 31, 22, 25
MM, 22, 23, 39
MM, 21, 23, 10
MM, 21, 22, 149
MC, 1, 100
MM, 22, 22, 122
MM, 25, 23, 26
MM, 29, 26, 13
MM, 34, 29, 11
MM, 17, 3, 24
MM, 445, 643, 27
MM, 14, 20, 36
MM, 474, 666, 25
MM, 85, 5, 24
MM, 88, 8, 27
MM, 88, 9, 22
MM, 89, 9, 50
MM, 89, 10, 37
MM, 89, 12, 87
MM, 89, 13, 11
MM, 90, 13, 13
MM, 90, 14, 12
MC, 1, 198
MM, 90, 13, 222
MM, 88, 12, 13
MM, 85, 9, 12
MM, 81, 2, 24
MM, 477, 668, 15
MM, 14, 12, 24
MM, 448, 633, 25
MM, 442, 628, 24
MM, 19, 29, 12
MM, 16, 27, 24
MM, 14, 23, 26
MM, 13, 19, 11
MM, 9, 12, 12
MM, 7, 8, 13
MM, 5, 3, 24
MM, 4, 2, 13
MM, 4, 1, 13
MM, 4, 0, 36
MM, 425, 596, 13
MM, 425, 595, 24
MM, 425, 594, 15
MM, 425, 592, 10
MM, 10, 24, 61
MM, 10, 22, 27
MM, 10, 21, 11
MC, 1, 99
MM, 10, 22, 15
MM, 10, 23, 95
MM, 11, 23, 13
MM, 13, 24, 12
MM, 27, 28, 25
MM, 452, 592, 12
MM, 5, 7, 25
MM, 514, 631, 38
MM, 5, 9, 26
MM, 13, 13, 37
MM, 14, 13, 23
MM, 15, 13, 12
MM, 20, 15, 25
MM, 24, 17, 13
MM, 27, 20, 12
MM, 30, 21, 12
MM, 34, 23, 24
MM, 565, 657, 25
MM, 566, 657, 13
MM, 566, 656, 101
MP, 1, 47
MR, 1, 73
MC, 1, 0
MM, 565, 656, 112
MM, 34, 22, 13
MM, 29, 22, 13
MM, 23, 22, 23
MM, 22, 22, 13
MM, 21, 22, 12
MM, 20, 22, 13
MM, 20, 21, 51
MC, 1, 207
MM, 19, 21, 75
MM, 17, 21, 13
MM, 14, 21, 11
MM, 9, 21, 13
MM, 4, 21, 15
MM, 523, 653, 22
MM, 26, 16, 14
MM, 6, 11, 24
MM, 31, 3, 36
MM, 27, 0, 39
MM, 476, 633, 10
MM, 476, 632, 38
MM, 474, 630, 15
MM, 473, 628, 10
MM, 9, 27, 24
MM, 8, 26, 13
MM, 7, 25, 25
MM, 6, 25, 12
MM, 3, 24, 24
MM, 1, 24, 15
MM, 460, 620, 10
MM, 458, 619, 26
MM, 457, 619, 12
MM, 456, 619, 23
MM, 34, 22, 13
MM, 33, 22, 25
MC, 1, 149
MM, 31, 22, 296
MM, 25, 22, 12
MM, 19, 22, 12
MM, 12, 22, 13
MM, 7, 22, 12
MM, 2, 22, 24
MM, 0, 22, 13
MM, 420, 619, 13
MM, 419, 619, 24
MM, 418, 619, 74
MP, 1, 86
MR, 1, 75
MC, 1, 0
MM, 417, 619, 12
MM, 416, 619, 25
MM, 34, 22, 25
MM, 33, 22, 123
MM, 32, 22, 13
MC, 1, 123
MM, 33, 22, 123
MM, 34, 22, 26
MM, 416, 619, 12
MM, 417, 619, 25
MM, 418, 620, 13
MM, 2, 29, 24
MM, 24, 3, 26
MM, 7, 18, 50
MM, 18, 25, 48
MM, 20, 27, 24
MM, 21, 28, 12
MM, 22, 29, 15
MM, 475, 665, 22
MM, 476, 666, 13
MM, 81, 2, 37
MM, 83, 4, 12
MM, 84, 8, 25
MM, 85, 10, 24
MC, 1, 149
MM, 85, 9, 147
MM, 83, 6, 13
MM, 24, 26, 26
MM, 34, 21, 38
MM, 25, 7, 36
MM, 20, 4, 26
MM, 17, 3, 12
MM, 430, 596, 23
MM, 4, 28, 38
MM, 31, 9, 38
MM, 385, 559, 37
MM, 382, 558, 11
MM, 380, 557, 39
MM, 380, 556, 60
MM, 381, 557, 149
MM, 382, 557, 61
MM, 382, 558, 12
MM, 383, 558, 12
MM, 12, 2, 25
MM, 15, 8, 25
MM, 16, 10, 12
MM, 17, 12, 25
MM, 17, 13, 11
MM, 18, 14, 188
MM, 20, 14, 36
MM, 24, 15, 12
MM, 32, 15, 14
MM, 4, 17, 24
MM, 33, 17, 25
MM, 22, 17, 23
MM, 27, 17, 40
MM, 8, 15, 48
MM, 16, 13, 37
MM, 22, 13, 24
MM, 30, 13, 26
MM, 565, 573, 11
MM, 3, 13, 25
MM, 18, 13, 26
MM, 31, 13, 22
MM, 607, 574, 26
MM, 1, 15, 26
MM, 7, 16, 23
MM, 9, 16, 24
MC, 1, 223
MM, 8, 16, 73
MM, 6, 16, 38
MM, 4, 16, 12
MM, 609, 576, 12
MM, 26, 15, 38
MM, 21, 14, 25
MM, 13, 13, 25
MM, 9, 13, 12
MM, 5, 13, 12
MM, 0, 13, 24
MM, 568, 573, 12
MM, 30, 15, 26
MM, 5, 21, 37
MM, 530, 582, 12
MM, 30, 25, 24
MM, 28, 25, 13
MM, 27, 25, 37
MM, 26, 25, 38
MM, 23, 25, 49
MM, 19, 25, 12
MM, 16, 24, 12
MM, 12, 24, 24
MM, 11, 23, 15
MC, 1, 146
MM, 12, 23, 42
MM, 15, 23, 20
MM, 17, 23, 24
MM, 21, 25, 25
MM, 26, 28, 14
MM, 534, 595, 10
MM, 14, 10, 27
MM, 24, 15, 35
MM, 24, 17, 13
MM, 26, 18, 13
MM, 27, 18, 24
MC, 1, 197
MM, 27, 19, 297
MM, 26, 20, 12
MM, 23, 22, 14
MM, 550, 631, 24
MM, 10, 10, 26
MM, 3, 16, 23
MM, 0, 18, 24
MM, 528, 653, 13
MM, 525, 655, 24
MM, 523, 656, 14
MM, 32, 22, 25
MM, 27, 25, 25
MM, 25, 27, 13
MM, 23, 29, 23
MM, 510, 665, 13
MM, 509, 667, 27
MM, 508, 668, 10
MM, 507, 668, 37
MM, 507, 669, 24
MM, 507, 670, 74
MM, 107, 0, 25
MM, 107, 2, 12
MM, 106, 3, 25
MM, 106, 4, 12
MM, 105, 4, 13
MM, 105, 6, 24
MM, 105, 7, 13
MM, 105, 8, 14
MM, 104, 9, 12
MM, 104, 10, 25
MM, 103, 10, 11
MC, 1, 148
MM, 102, 9, 581
MM, 101, 6, 12
MM, 500, 667, 12
MM, 3, 2, 25
MM, 22, 1, 26
MM, 22, 23, 37
MM, 21, 21, 49
MC, 1, 320
MM, 23, 21, 100
MM, 24, 21, 11
MM, 25, 21, 13
MM, 26, 21, 12
MM, 27, 22, 25
MM, 28, 22, 25
MM, 30, 22, 13
MM, 492, 582, 11
MM, 21, 24, 25
MM, 5, 30, 26
MM, 11, 4, 37
MM, 675, 594, 36
MM, 33, 17, 26
MM, 753, 564, 38
MM, 770, 556, 344
MM, 762, 561, 12
MM, 757, 563, 25
MM, 757, 562, 61
MM, 757, 560, 25
MM, 757, 558, 13
MM, 759, 555, 25
MM, 761, 552, 11
MM, 762, 551, 15
MM, 767, 545, 23
MM, 769, 544, 13
MM, 769, 542, 11
MM, 769, 541, 457
MM, 767, 541, 13
MM, 754, 543, 25
MM, 744, 545, 11
MM, 28, 1, 27
MM, 605, 569, 25
MM, 8, 3, 35
MM, 515, 558, 25
MM, 0, 30, 50
MM, 495, 552, 24
MM, 494, 551, 12
MM, 493, 551, 38
MM, 492, 551, 98
MM, 491, 551, 14
MM, 34, 28, 12
MM, 491, 552, 73
MM, 493, 553, 13
MM, 497, 559, 24
MM, 6, 5, 13
MM, 10, 11, 25
MM, 11, 13, 24
MM, 11, 14, 26
MC, 1, 146
MM, 12, 14, 87
MM, 13, 14, 12
MM, 18, 21, 13
MM, 18, 0, 12
MM, 30, 23, 38
MM, 536, 624, 25
MM, 1, 28, 25
MM, 2, 28, 13
MM, 3, 28, 24
MC, 1, 208
MM, 2, 28, 75
MM, 1, 28, 12
MM, 539, 624, 24
MM, 30, 15, 26
MM, 501, 591, 26
MM, 30, 23, 36
MM, 26, 22, 37
MM, 25, 22, 25
MM, 18, 22, 60
MM, 13, 22, 13
MM, 7, 22, 25
MM, 4, 22, 12
MM, 1, 22, 14
MM, 452, 583, 22
MM, 33, 23, 26
MM, 27, 24, 38
MM, 24, 24, 11
MM, 22, 25, 24
MM, 21, 25, 13
MC, 1, 100
MM, 22, 26, 60
MM, 23, 26, 26
MM, 24, 26, 25
MM, 24, 27, 12
MM, 442, 594, 25
MM, 30, 18, 24
MM, 12, 17, 29
MM, 67, 5, 35
MM, 69, 13, 35
MM, 69, 14, 26
MM, 70, 14, 85
MC, 1, 234
MM, 69, 13, 112
MM, 68, 13, 14
MM, 63, 11, 9
MM, 44, 2, 27
MM, 16, 22, 23
MM, 1, 11, 26
MM, 407, 643, 23
MM, 407, 642, 75
MM, 407, 641, 50
MM, 408, 641, 13
MM, 408, 640, 36
MM, 408, 639, 13
MM, 408, 637, 36
MM, 407, 635, 13
MM, 23, 25, 25
MM, 21, 14, 12
MM, 18, 6, 26
MM, 16, 3, 26
MC, 1, 147
MM, 15, 3, 209
MM, 12, 3, 13
MM, 5, 4, 23
MM, 1, 5, 13
MM, 377, 603, 13
MM, 30, 10, 25
MM, 18, 14, 24
MM, 11, 15, 24
MM, 8, 15, 25
MM, 7, 15, 37
MM, 11, 16, 163
MM, 14, 18, 25
MM, 18, 20, 22
MM, 4, 29, 25
MM, 0, 19, 41
MM, 576, 678, 34
MM, 671, 707, 38
MM, 697, 713, 23
MM, 702, 713, 13
MM, 706, 713, 24
MM, 707, 713, 13
MM, 709, 712, 24
MM, 709, 711, 13
MM, 709, 710, 24
MM, 709, 708, 24
MM, 709, 706, 13
MM, 703, 698, 25
MM, 698, 694, 12
MM, 679, 680, 25
MM, 671, 672, 12
MM, 2, 28, 25
MM, 25, 26, 12
MM, 0, 27, 40
MM, 610, 662, 34
MM, 609, 662, 25
MM, 609, 663, 13
MM, 609, 664, 49
MM, 609, 665, 15
MM, 606, 666, 22
MM, 604, 667, 12
MM, 597, 668, 25
MM, 19, 29, 25
MM, 16, 23, 26
MM, 16, 21, 11
MM, 16, 20, 36
MM, 16, 19, 13
MM, 15, 17, 299
MM, 13, 16, 10
MM, 566, 643, 25
MM, 27, 1, 12
MM, 11, 10, 37
MM, 24, 2, 39
MM, 17, 0, 38
MM, 477, 596, 21
MM, 476, 595, 25
MM, 475, 595, 37
MM, 474, 595, 25
MM, 472, 595, 74
MM, 470, 595, 13
MM, 465, 595, 25
MM, 462, 595, 14
MM, 460, 594, 11
MM, 456, 593, 24
MM, 453, 592, 12
MM, 449, 592, 12
MM, 446, 592, 13
MM, 444, 591, 24
MM, 443, 591, 25
MP, 1, 49
MR, 1, 88
MM, 445, 591, 49
MM, 446, 591, 13
MM, 447, 591, 35
MM, 448, 591, 25
MM, 448, 592, 100
MM, 449, 592, 63
MM, 448, 592, 84
MM, 447, 592, 14
MM, 446, 592, 11
MM, 444, 591, 13
MM, 28, 30, 25
MM, 27, 30, 26
MC, 1, 134
MM, 28, 30, 39
MM, 444, 591, 233
MM, 445, 595, 14
MM, 28, 10, 23
MM, 31, 17, 13
MM, 462, 628, 25
MM, 23, 18, 24
MM, 81, 4, 25
MM, 488, 704, 48
MM, 491, 718, 51
MM, 491, 717, 87
MM, 491, 716, 11
MM, 491, 715, 26
MM, 491, 714, 11
MM, 491, 713, 37
MM, 491, 712, 13
MM, 490, 703, 61
MM, 89, 27, 13
MM, 87, 8, 24
MM, 86, 2, 24
MM, 86, 1, 27
MM, 86, 2, 220
MM, 86, 3, 50
MM, 86, 4, 12
MM, 86, 5, 13
MM, 86, 6, 13
MM, 86, 9, 24
MM, 86, 10, 12
MM, 86, 13, 24
MM, 86, 14, 162
MC, 1, 420
MM, 87, 14, 100
MM, 88, 13, 12
MM, 91, 11, 11
MM, 509, 666, 25
MM, 6, 13, 24
MM, 0, 22, 38
MM, 9, 13, 38
MM, 9, 14, 85
MM, 9, 15, 14
MM, 12, 15, 63
MM, 17, 16, 9
MM, 28, 23, 25
MM, 646, 589, 13
MM, 693, 616, 39
MM, 712, 627, 23
MM, 717, 629, 13
MM, 720, 630, 11
MM, 722, 630, 37
MM, 722, 629, 74
MM, 721, 629, 28
MM, 719, 629, 22
MM, 715, 628, 24
MM, 710, 626, 12
MM, 703, 624, 13
MM, 691, 619, 25
MM, 28, 20, 26
MM, 27, 19, 11
MM, 26, 18, 13
MM, 25, 18, 24
MC, 1, 261
MM, 24, 18, 99
MM, 19, 18, 23
MM, 15, 18, 14
MM, 12, 18, 10
MM, 653, 613, 26
MM, 6, 9, 26
MM, 23, 4, 23
MM, 565, 595, 50
MM, 533, 593, 37
MM, 522, 592, 12
MM, 14, 28, 25
MM, 6, 24, 26
MM, 493, 581, 11
MM, 20, 18, 26
MM, 7, 16, 36
MM, 5, 15, 11
MM, 455, 574, 26
MM, 33, 13, 26
MM, 22, 13, 25
MM, 18, 13, 10
MM, 14, 13, 26
MM, 12, 13, 11
MM, 11, 13, 14
MM, 10, 13, 10
MC, 1, 186
MM, 11, 13, 52
MM, 12, 13, 10
MM, 14, 13, 12
MM, 20, 13, 25
MM, 27, 13, 14
MM, 1, 14, 10
MM, 23, 16, 38
MM, 24, 16, 15
MM, 26, 16, 22
MM, 27, 16, 24
MM, 28, 16, 15
MM, 29, 16, 10
MM, 30, 16, 13
MM, 489, 576, 24
MM, 490, 576, 12
MM, 0, 16, 25
MM, 4, 16, 25
MM, 7, 16, 25
MM, 7, 17, 12
MM, 8, 17, 49
MC, 1, 100
MM, 6, 17, 358
MM, 5, 17, 15
MM, 4, 18, 22
MM, 3, 18, 15
MM, 1, 18, 23
MM, 493, 578, 11
MM, 490, 579, 13
MM, 20, 20, 25
MM, 10, 21, 25
MM, 6, 21, 25
MM, 5, 21, 11
MM, 4, 21, 12
MM, 2, 21, 26
MM, 1, 21, 11
MM, 0, 21, 26
MM, 455, 581, 12
MM, 454, 581, 37
MM, 453, 581, 14
MM, 450, 581, 23
MM, 34, 20, 12
MM, 31, 20, 25
MM, 27, 18, 25
MM, 26, 18, 24
MM, 25, 18, 12
MM, 25, 17, 13
MC, 1, 100
MM, 29, 17, 134
MM, 33, 17, 14
MM, 455, 577, 24
MM, 1, 17, 13
MM, 4, 17, 36
MM, 5, 17, 61
MM, 6, 17, 24
MM, 7, 17, 38
MM, 8, 17, 14
MM, 9, 17, 35
MC, 1, 88
MM, 9, 18, 62
MC, 2, 60
MM, 9, 19, 68
MM, 11, 22, 31
MM, 12, 24, 12
MM, 13, 26, 14
MM, 15, 29, 11
MM, 16, 29, 13
MM, 474, 594, 24
MM, 16, 16, 27
MM, 481, 630, 23
MM, 485, 645, 40
MM, 487, 657, 24
MM, 0, 28, 11
MM, 489, 666, 24
MM, 489, 667, 26
MM, 489, 668, 49
MM, 490, 668, 12
MM, 491, 668, 50
MM, 491, 669, 11
MM, 93, 0, 25
MM, 95, 3, 13
MM, 98, 6, 24
MM, 98, 8, 17
MM, 99, 8, 489
MM, 100, 8, 50
MM, 100, 7, 12
MM, 102, 6, 25
MM, 107, 3, 12
MM, 519, 669, 13
MM, 17, 17, 24
MM, 7, 0, 25
MM, 616, 618, 39
MM, 33, 12, 48
MM, 708, 520, 24
MM, 719, 515, 25
MM, 733, 512, 26
MM, 737, 512, 12
MM, 745, 511, 24
MM, 749, 510, 12
MM, 752, 509, 12
MM, 761, 509, 25
MM, 769, 509, 12
MM, 780, 509, 12
MM, 795, 509, 25
MM, 800, 509, 12
MM, 805, 509, 12
MM, 809, 511, 26
MM, 810, 511, 12
MM, 811, 511, 13
MM, 812, 512, 27
MM, 812, 513, 21
MM, 812, 514, 39
MM, 812, 515, 12
MM, 812, 516, 11
MM, 766, 546, 754
MM, 31, 30, 13
MM, 21, 16, 24
MM, 575, 623, 39
MM, 15, 0, 37
MM, 527, 639, 25
MM, 17, 22, 38
MM, 73, 18, 36
MM, 444, 705, 50
MM, 440, 708, 10
MM, 434, 712, 26
MM, 433, 714, 12
MM, 431, 714, 24
MM, 432, 714, 260
MM, 432, 713, 12
MM, 432, 712, 24
MM, 432, 710, 13
MM, 433, 709, 13
MM, 433, 706, 11
MM, 434, 704, 13
MM, 35, 27, 25
MM, 35, 26, 49
MC, 1, 148
MM, 36, 24, 61
MM, 37, 23, 13
MM, 37, 21, 12
MM, 40, 19, 12
MM, 42, 18, 15
MM, 46, 15, 10
MM, 54, 2, 26
MM, 456, 666, 11
MM, 10, 28, 13
MM, 13, 17, 25
MM, 16, 5, 24
MM, 17, 0, 13
MM, 5, 29, 25
MM, 6, 25, 40
MM, 7, 24, 12
MM, 8, 22, 21
MM, 8, 21, 13
MM, 8, 20, 12
MM, 9, 18, 26
MM, 11, 16, 11
MM, 12, 15, 14
MM, 16, 9, 23
MM, 19, 5, 13
MM, 22, 3, 12
MM, 486, 596, 25
MM, 488, 595, 12
MM, 490, 595, 24
MM, 492, 594, 14
MM, 493, 593, 13
MM, 496, 593, 11
MM, 499, 591, 12
MM, 10, 30, 26
MM, 12, 30, 12
MC, 1, 184
MM, 14, 30, 74
MM, 15, 30, 112
MM, 16, 30, 12
MM, 18, 30, 12
MM, 20, 30, 13
MM, 28, 30, 24
MM, 30, 30, 13
MM, 527, 591, 12
MM, 535, 594, 25
MM, 540, 595, 12
MM, 15, 4, 26
MM, 22, 8, 23
MM, 24, 9, 13
MM, 26, 9, 25
MM, 26, 10, 12
MM, 26, 11, 12
MM, 25, 13, 224
MM, 23, 13, 25
MM, 22, 13, 11
MM, 18, 13, 11
MM, 15, 13, 13
MM, 7, 13, 13
MM, 494, 611, 25
MM, 30, 16, 12
MM, 26, 16, 25
MM, 0, 16, 25
MM, 16, 16, 24
MM, 337, 613, 41
MM, 54, 17, 34
MM, 52, 17, 25
MM, 51, 17, 36
MM, 52, 16, 62
MM, 53, 15, 12
MM, 54, 15, 13
MM, 56, 13, 11
MM, 333, 609, 13
MM, 5, 10, 37
MM, 9, 10, 27
MM, 10, 10, 10
MM, 11, 10, 25
MM, 12, 10, 12
MC, 1, 138
MM, 13, 10, 48
MM, 14, 10, 11
MM, 16, 10, 26
MM, 18, 10, 11
MM, 23, 10, 15
MM, 29, 8, 11
MM, 374, 603, 12
MM, 398, 596, 24
MM, 427, 591, 25
MM, 454, 589, 26
MM, 11, 27, 11
MM, 23, 26, 25
MM, 25, 26, 12
MM, 27, 26, 12
MM, 29, 26, 174
MM, 30, 25, 11
MM, 31, 25, 13
MM, 488, 585, 112
MP, 1, 0
MR, 1, 63
MC, 1, 0
MM, 489, 585, 85
MM, 490, 585, 12
MM, 492, 585, 25
MM, 493, 585, 13
MM, 0, 25, 24
MM, 1, 25, 197
MC, 1, 149
MM, 1, 26, 248
MM, 495, 592, 12
MM, 495, 599, 12
MM, 494, 614, 26
MM, 494, 622, 11
MM, 494, 633, 12
MM, 6, 7, 12
MM, 6, 13, 25
MM, 6, 16, 12
MM, 6, 17, 12
MM, 6, 19, 26
MM, 6, 20, 12
MM, 6, 21, 11
MM, 6, 22, 13
MM, 6, 23, 62
MM, 6, 24, 38
MM, 6, 27, 11
MM, 6, 29, 13
MM, 494, 668, 24
MM, 94, 0, 25
MM, 94, 3, 25
MM, 94, 7, 25
MM, 94, 10, 25
MM, 94, 11, 24
MC, 1, 210
MM, 95, 10, 372
MM, 95, 9, 12
MM, 96, 6, 12
MM, 497, 667, 25
MM, 13, 18, 24
MM, 506, 631, 27
MM, 14, 2, 36
MM, 515, 594, 26
MM, 516, 592, 22
MM, 22, 30, 38
MM, 23, 30, 11
MM, 23, 29, 50
MM, 23, 28, 12
MM, 23, 27, 13
MM, 24, 21, 24
MM, 25, 17, 13
MM, 26, 13, 25
MM, 26, 11, 24
MM, 27, 11, 161
MM, 28, 11, 26
MM, 29, 11, 13
MM, 527, 571, 10
MM, 1, 11, 26
MM, 4, 11, 37
MM, 4, 12, 25
MM, 4, 13, 24
MM, 4, 14, 24
MM, 3, 14, 14
MM, 0, 15, 24
MM, 528, 575, 11
MM, 525, 575, 25
MM, 30, 15, 24
MM, 29, 15, 13
MM, 525, 575, 127
MM, 526, 575, 24
MM, 528, 575, 48
MM, 528, 576, 11
MM, 530, 579, 25
MM, 1, 22, 12
MM, 5, 27, 25
MM, 9, 1, 38
MM, 15, 6, 37
MM, 16, 7, 11
MC, 1, 187
MM, 13, 7, 38
MM, 9, 7, 23
MM, 6, 7, 25
MM, 29, 3, 24
MM, 2, 30, 39
MM, 455, 583, 39
MM, 24, 18, 47
MM, 22, 18, 11
MM, 21, 18, 26
MM, 20, 17, 23
MM, 18, 17, 13
MM, 16, 17, 13
MM, 11, 15, 24
MM, 10, 15, 25
MM, 11, 15, 36
MM, 18, 15, 100
MM, 19, 15, 25
MM, 20, 15, 24
MM, 21, 15, 12
MM, 23, 15, 13
MM, 26, 15, 13
MM, 33, 15, 11
MM, 10, 15, 25
MM, 4, 15, 26
MM, 530, 573, 36
MM, 4, 12, 27
MM, 8, 11, 23
MM, 9, 11, 29
MM, 9, 10, 44
MM, 9, 9, 74
MC, 1, 74
MM, 9, 10, 580
MM, 9, 12, 25
MM, 8, 15, 13
MM, 7, 22, 13
MM, 534, 597, 24
MM, 31, 10, 27
MM, 28, 20, 22
MM, 26, 28, 25
MM, 523, 629, 27
MM, 33, 0, 24
MM, 30, 9, 25
MM, 513, 670, 36
MM, 110, 10, 26
MM, 108, 14, 23
MM, 108, 16, 24
MM, 107, 17, 13
MM, 107, 18, 36
MM, 105, 18, 322
MM, 104, 18, 38
MM, 102, 17, 12
MM, 87, 8, 25
MM, 475, 668, 13
MM, 448, 649, 23
MM, 21, 3, 26
MM, 423, 633, 25
MM, 422, 632, 11
MM, 420, 632, 37
MM, 420, 631, 13
MM, 420, 630, 49
MM, 419, 630, 12
MM, 419, 629, 12
MM, 419, 628, 26
MM, 418, 627, 123
MM, 418, 626, 14
MM, 417, 626, 10
MM, 416, 624, 13
MM, 415, 623, 13
MM, 34, 25, 12
MM, 32, 24, 13
MM, 29, 22, 23
MM, 28, 21, 13
MM, 27, 20, 26
MM, 27, 19, 23
MC, 1, 322
MM, 30, 19, 160
MM, 32, 19, 13
MM, 34, 18, 14
MM, 417, 614, 10
MM, 7, 12, 25
MM, 31, 5, 27
MM, 0, 3, 11
MM, 487, 592, 38
MM, 1, 30, 23
MM, 7, 28, 24
MM, 9, 25, 25
MM, 10, 25, 13
MM, 10, 23, 25
MM, 11, 22, 15
MM, 12, 20, 9
MM, 12, 18, 13
MM, 13, 16, 14
MM, 14, 15, 10
MM, 14, 14, 14
MC, 1, 110
MM, 14, 16, 29
MM, 8, 22, 33
MM, 1, 24, 12
MM, 481, 591, 12
MM, 3, 17, 25
MM, 395, 629, 27
MM, 357, 633, 36
MM, 349, 633, 11
MM, 345, 633, 13
MM, 342, 633, 12
MM, 341, 632, 12
MM, 340, 632, 12
MM, 340, 630, 13
MM, 340, 629, 37
MM, 1, 30, 25
MM, 0, 29, 11
MM, 0, 27, 26
MM, 0, 26, 12
MM, 0, 25, 12
MM, 0, 24, 13
MM, 0, 23, 12
MM, 0, 22, 12
MM, 0, 21, 37
MM, 1, 21, 14
MM, 2, 20, 10
MM, 4, 20, 13
MM, 6, 19, 13
MM, 8, 19, 12
MM, 9, 19, 13
MM, 10, 19, 15
MM, 11, 19, 9
MM, 12, 19, 13
MM, 14, 19, 178
MM, 15, 19, 19
MM, 16, 19, 13
MM, 20, 19, 12
MM, 25, 18, 13
MM, 33, 16, 12
MM, 2, 13, 14
MM, 17, 30, 37
MM, 2, 22, 22
MM, 14, 18, 41
MM, 13, 18, 70
MC, 1, 148
MM, 13, 19, 137
MM, 14, 22, 12
MM, 16, 26, 13
MM, 18, 30, 12
MM, 477, 594, 12
MM, 21, 8, 24
MM, 24, 26, 26
MM, 2, 6, 28
MM, 5, 26, 38
MM, 494, 670, 20
MM, 95, 3, 25
MM, 96, 3, 135
MM, 96, 2, 25
MM, 96, 1, 334
MM, 497, 669, 13
MM, 498, 665, 26
MM, 22, 12, 23
MM, 26, 19, 25
MM, 535, 592, 38
MM, 8, 16, 36
MM, 10, 9, 36
MM, 11, 9, 13
MM, 12, 7, 25
MM, 13, 6, 37
MM, 14, 5, 13
MM, 15, 5, 24
MM, 13, 5, 62
MM, 11, 5, 25
MM, 9, 5, 24
MM, 8, 5, 12
MM, 7, 5, 26
MM, 6, 5, 24
MM, 5, 5, 87
MM, 4, 6, 122
MM, 2, 6, 12
MM, 0, 7, 14
MM, 529, 568, 24
MM, 528, 569, 13
MM, 527, 569, 24
MM, 526, 569, 13
MP, 1, 37
MR, 1, 111
MM, 27, 17, 173
MM, 27, 18, 13
MM, 27, 19, 25
MM, 27, 20, 11
MM, 26, 21, 13
MM, 24, 24, 24
MM, 23, 25, 15
MM, 22, 27, 10
MM, 514, 592, 26
MM, 513, 595, 10
MM, 12, 3, 25
MM, 11, 6, 13
MM, 10, 13, 24
MM, 10, 17, 14
MM, 9, 19, 25
MM, 9, 17, 48
MM, 9, 14, 15
MM, 10, 12, 10
MM, 11, 8, 25
MM, 11, 6, 12
MM, 12, 1, 14
MM, 19, 17, 23
MM, 20, 2, 25
MM, 515, 557, 26
MM, 515, 556, 12
MP, 1, 147
MR, 1, 49
MC, 1, 0
MM, 515, 557, 75
MM, 515, 558, 37
MM, 515, 559, 14
MM, 20, 1, 11
MM, 20, 3, 12
MM, 19, 5, 39
MM, 19, 7, 35
MM, 19, 8, 37
MM, 19, 10, 26
MC, 1, 85
MM, 19, 11, 124
MM, 19, 13, 25
MM, 19, 17, 12
MM, 10, 1, 25
MM, 8, 13, 52
MM, 1, 30, 37
MM, 487, 666, 22
MM, 486, 667, 15
MM, 485, 667, 218
MM, 484, 667, 13
MP, 1, 75
MR, 1, 73
MC, 1, 0
MM, 484, 668, 112
MM, 484, 669, 12
MM, 84, 0, 13
MM, 82, 7, 25
MM, 81, 10, 12
MM, 80, 12, 37
MC, 1, 123
MM, 79, 12, 99
MM, 78, 10, 24
MM, 76, 7, 13
MM, 74, 1, 14
MM, 13, 26, 24
MM, 444, 631, 38
MM, 21, 28, 23
MM, 21, 26, 26
MM, 21, 25, 23
MM, 20, 23, 26
MM, 20, 21, 23
MM, 20, 19, 13
MM, 19, 17, 13
MM, 19, 13, 36
MM, 19, 9, 14
MM, 19, 2, 23
MM, 19, 0, 12
MM, 440, 593, 13
MM, 22, 26, 26
MM, 13, 14, 38
MM, 5, 10, 22
MM, 1, 9, 13
MM, 412, 569, 25
MM, 410, 569, 25
MM, 409, 569, 12
MM, 36, 8, 13
MM, 35, 7, 36
MM, 35, 8, 87
MC, 1, 111
MM, 35, 9, 62
MM, 35, 10, 25
MM, 36, 10, 61
MM, 410, 570, 25
MM, 4, 10, 26
MM, 25, 10, 23
MM, 8, 10, 26
MM, 10, 10, 42
MM, 28, 10, 33
MM, 525, 570, 23
MM, 530, 569, 24
MM, 4, 8, 25
MM, 11, 8, 26
MM, 20, 8, 24
MM, 27, 8, 24
MM, 31, 9, 14
MM, 567, 569, 11
MM, 12, 10, 39
MM, 25, 10, 25
MM, 610, 570, 22
MM, 15, 8, 26
MM, 24, 7, 25
MM, 29, 7, 24
MM, 30, 7, 24
MM, 643, 567, 13
MM, 644, 567, 26
MP, 1, 100
MR, 1, 35
MC, 1, 0
MM, 644, 568, 61
MM, 643, 568, 13
MM, 642, 568, 24
MM, 642, 569, 13
MM, 30, 9, 37
MM, 29, 9, 36
MM, 28, 9, 38
MM, 27, 9, 14
MM, 26, 9, 9
MM, 24, 10, 137
MM, 23, 10, 25
MM, 20, 10, 13
MM, 4, 13, 24
MM, 34, 15, 12
MM, 0, 28, 38
MM, 501, 591, 25
MM, 487, 593, 39
MM, 486, 593, 21
MM, 487, 593, 99
MM, 488, 593, 50
MM, 490, 592, 50
MM, 492, 591, 24
MM, 493, 591, 26
MM, 494, 591, 36
MM, 495, 591, 24
MM, 1, 30, 25
MM, 2, 30, 12
MC, 1, 112
MM, 6, 30, 61
MM, 9, 29, 13
MM, 12, 28, 26
MM, 13, 28, 11
MM, 14, 27, 12
MM, 14, 26, 25
MM, 16, 25, 25
MM, 17, 25, 36
MM, 18, 25, 13
MM, 19, 25, 24
MM, 20, 25, 13
MM, 24, 26, 13
MM, 29, 29, 24
MM, 526, 590, 12
MM, 528, 592, 25
MM, 530, 593, 25
MM, 530, 594, 13
MM, 531, 595, 12
MM, 532, 596, 24
MM, 33, 0, 13
MM, 34, 1, 25
MM, 34, 2, 51
MC, 1, 49
MM, 34, 3, 11
MM, 534, 600, 50
MM, 538, 602, 39
MM, 0, 5, 23
MM, 2, 6, 24
MM, 3, 7, 15
MM, 4, 8, 34
MM, 5, 8, 13
MM, 5, 9, 14
MM, 6, 9, 11
MM, 7, 9, 49
MM, 9, 9, 185
MM, 13, 9, 12
MM, 17, 9, 15
MM, 576, 600, 22
MM, 26, 29, 14
MM, 4, 0, 37
MM, 1, 27, 37
MM, 6, 27, 24
MM, 7, 27, 26
MM, 12, 27, 271
MM, 22, 27, 11
MM, 751, 550, 26
MM, 843, 518, 48
MM, 866, 511, 25
MM, 873, 510, 25
MM, 874, 509, 12
MM, 875, 507, 25
MM, 874, 507, 49
MM, 872, 507, 12
MM, 870, 507, 26
MM, 869, 507, 12
MM, 868, 507, 49
MM, 866, 507, 25
MM, 865, 507, 12
MM, 861, 510, 25
MM, 860, 511, 12
MM, 856, 514, 25
MM, 854, 516, 15
MM, 851, 518, 9
MM, 847, 520, 26
MM, 845, 521, 12
MM, 844, 521, 11
MM, 844, 522, 89
MP, 1, 0
MR, 1, 73
MC, 1, 0
MM, 754, 545, 876
MM, 26, 22, 13
MM, 699, 542, 25
MM, 17, 10, 39
MM, 30, 12, 36
MM, 22, 17, 42
MM, 22, 18, 19
MM, 21, 18, 49
MM, 21, 19, 13
MM, 20, 20, 11
MM, 17, 23, 62
MM, 15, 26, 13
MM, 10, 30, 24
MM, 9, 30, 38
MM, 628, 554, 13
MM, 625, 556, 24
MM, 10, 0, 13
MM, 5, 9, 24
MM, 2, 12, 24
MM, 2, 14, 12
MM, 1, 15, 25
MM, 1, 16, 15
MM, 0, 17, 269
MM, 610, 578, 14
MM, 607, 579, 26
MM, 34, 19, 11
MM, 31, 20, 24
MM, 29, 20, 14
MM, 28, 20, 35
MM, 28, 21, 13
MM, 26, 22, 25
MM, 25, 22, 11
MM, 23, 23, 26
MM, 23, 24, 11
MM, 22, 24, 13
MM, 21, 24, 37
MM, 21, 26, 12
MM, 20, 30, 26
MM, 589, 593, 11
MM, 5, 1, 40
MM, 2, 3, 23
MM, 578, 603, 25
MM, 575, 604, 24
MP, 1, 271
MR, 1, 99
MM, 33, 8, 38
MM, 32, 10, 12
MM, 31, 11, 12
MM, 29, 13, 25
MM, 28, 13, 24
MC, 1, 149
MM, 29, 13, 162
MM, 30, 13, 24
MM, 31, 13, 11
MM, 33, 13, 13
MM, 579, 610, 25
MM, 0, 16, 13
MM, 8, 22, 38
MM, 11, 23, 10
MM, 24, 26, 25
MM, 612, 624, 13
MM, 625, 629, 37
MM, 629, 631, 12
MM, 22, 1, 26
MM, 27, 4, 37
MM, 28, 4, 159
MM, 30, 5, 13
MM, 648, 640, 24
MM, 649, 641, 12
MM, 0, 8, 28
MM, 2, 10, 22
MM, 4, 10, 13
MC, 1, 308
MM, 6, 10, 73
MM, 8, 10, 14
MM, 11, 10, 12
MM, 22, 10, 24
MM, 30, 10, 12
MM, 691, 644, 26
MM, 698, 644, 25
MM, 703, 643, 12
MM, 721, 641, 25
MM, 730, 638, 12
MM, 742, 635, 24
MM, 757, 631, 26
MM, 767, 630, 11
MM, 3, 17, 25
MM, 6, 17, 13
MM, 8, 17, 37
