********************************************************************************
LOGGING TIME: 20171031_223230
CLIENT IP: 10.145.130.117
USERNAME: hp pc
OS: Windows 10
**********************************Emotional database********************************************************************************
MM, 784, 607, 1507533521524
MM, 784, 606, 167
MM, 783, 605, 7
MM, 782, 603, 9
MM, 781, 597, 16
MM, 781, 594, 16
MM, 781, 593, 7
MM, 779, 587, 16
MM, 776, 578, 16
MM, 775, 573, 9
MM, 773, 560, 15
MM, 770, 552, 8
MM, 763, 532, 16
MM, 759, 519, 8
MM, 495, 74, 16
MM, 491, 64, 8
MM, 488, 54, 9
MM, 478, 36, 15
MM, 473, 26, 8
MM, 461, 8, 16
MM, 705, 411, 9
MM, 690, 387, 15
MM, 682, 376, 8
MM, 419, 69, 16
MM, 406, 44, 16
MM, 395, 25, 9
MM, 620, 272, 39
MM, 614, 267, 16
MM, 612, 266, 8
MM, 611, 266, 17
MM, 611, 265, 16
MM, 609, 265, 23
MM, 609, 264, 8
MM, 607, 263, 8
MM, 592, 252, 32
MM, 591, 251, 9
MM, 590, 253, 87
MM, 588, 257, 8
MM, 586, 263, 8
MM, 582, 273, 16
MM, 582, 276, 9
MM, 581, 276, 55
MM, 569, 270, 16
MM, 541, 254, 16
MM, 416, 170, 40
MM, 397, 159, 8
MM, 383, 147, 16
MM, 382, 146, 9
MM, 381, 146, 15
MM, 381, 145, 88
MM, 380, 144, 16
MM, 380, 143, 8
MM, 380, 142, 24
MM, 380, 141, 24
MM, 380, 139, 8
MM, 382, 134, 16
MM, 386, 128, 16
MM, 398, 122, 16
MM, 414, 117, 16
MM, 424, 115, 8
MM, 469, 112, 42
MM, 474, 112, 14
MM, 476, 112, 8
MM, 481, 112, 24
MM, 482, 112, 16
MM, 483, 112, 9
MM, 484, 112, 22
MM, 486, 112, 17
MM, 491, 112, 15
MM, 494, 112, 17
MM, 495, 112, 9
MM, 496, 112, 23
MM, 498, 111, 48
MM, 500, 111, 9
MM, 506, 109, 16
MM, 510, 109, 16
MM, 513, 109, 16
MM, 514, 109, 24
MM, 516, 109, 24
MM, 517, 108, 8
MM, 518, 108, 8
MM, 521, 120, 599
MM, 516, 136, 16
MM, 512, 153, 16
MM, 507, 175, 25
MM, 485, 253, 71
MM, 480, 262, 9
MM, 475, 276, 16
MM, 474, 279, 16
MM, 473, 279, 23
MM, 473, 280, 41
MM, 473, 282, 7
MM, 222, 4, 16
MM, 222, 8, 16
MM, 222, 9, 8
MM, 222, 10, 72
MM, 222, 14, 16
MM, 222, 15, 16
MM, 222, 16, 129
MM, 222, 18, 7
MM, 222, 19, 8
MC, 1, 265
MM, 220, 18, 192
MM, 217, 18, 7
MM, 221, 21, 56
MM, 222, 21, 8
MM, 223, 21, 1017
MM, 224, 21, 39
MM, 225, 21, 8
MM, 226, 21, 8
MM, 227, 21, 32
MM, 228, 21, 266
MM, 230, 21, 15
MM, 235, 23, 7
MM, 252, 27, 16
MM, 268, 31, 16
MM, 283, 36, 16
MM, 300, 42, 24
MM, 327, 52, 32
MM, 348, 60, 16
MM, 378, 70, 17
MM, 679, 375, 16
MM, 737, 394, 16
MM, 795, 413, 16
MM, 610, 21, 15
MM, 924, 455, 17
MM, 940, 460, 7
MM, 927, 335, 43721
MM, 634, 68, 7
MM, 808, 390, 24
MM, 790, 396, 17
MM, 787, 397, 16
MM, 786, 397, 112
MM, 786, 398, 7
MM, 786, 399, 25
MM, 786, 401, 23
MM, 786, 407, 16
MM, 786, 413, 17
MM, 535, 0, 24
MM, 534, 0, 7
MM, 527, 2, 25
MM, 522, 3, 15
MM, 515, 3, 17
MM, 499, 3, 16
MM, 489, 3, 16
MM, 487, 3, 16
MM, 486, 3, 15
MM, 484, 3, 17
MM, 483, 3, 23
MM, 482, 3, 25
MM, 479, 3, 16
MM, 478, 3, 16
MM, 477, 3, 16
MM, 476, 4, 17
MM, 475, 5, 22
MM, 475, 6, 64
MM, 474, 7, 104
MM, 474, 8, 32
MC, 1, 200
MM, 473, 8, 32
MM, 471, 8, 16
MM, 470, 9, 32
MM, 466, 15, 16
MM, 463, 19, 16
MM, 462, 21, 8
MM, 462, 22, 49
MM, 460, 23, 15
MM, 454, 25, 17
MM, 442, 28, 15
MM, 378, 49, 16
MM, 299, 75, 16
MM, 460, 519, 17
MM, 8, 19, 16
MM, 318, 563, 16
MM, 269, 577, 15
MM, 250, 582, 17
MM, 249, 582, 7
MM, 248, 582, 41
MM, 246, 583, 7
MM, 244, 583, 16
MM, 243, 583, 9
MM, 241, 583, 23
MM, 240, 583, 24
MM, 239, 583, 49
MM, 241, 581, 55
MM, 245, 580, 9
MM, 256, 576, 16
MM, 264, 575, 7
MM, 284, 571, 16
MM, 296, 570, 9
MM, 321, 568, 15
MM, 1, 8, 8
MM, 17, 7, 16
MM, 20, 7, 16
MM, 21, 7, 112
MM, 22, 7, 89
MM, 23, 7, 7
MM, 27, 4, 16
MM, 31, 2, 16
MM, 34, 1, 8
MM, 368, 559, 8
MM, 369, 559, 16
MM, 369, 558, 72
MM, 370, 557, 40
MM, 372, 557, 15
MM, 373, 557, 16
MM, 375, 556, 17
MM, 376, 556, 72
MM, 377, 555, 32
MM, 377, 554, 16
MM, 7, 30, 39
MM, 8, 30, 16
MM, 9, 30, 90
MM, 9, 29, 7
MM, 10, 29, 16
MM, 11, 28, 16
MM, 12, 27, 16
MM, 13, 27, 120
MM, 14, 27, 209
MM, 19, 27, 16
MM, 30, 26, 16
MM, 494, 548, 31
MM, 31, 25, 17
MM, 19, 26, 16
MM, 5, 28, 23
MM, 8, 28, 16
MM, 9, 28, 16
MM, 10, 28, 56
MM, 11, 28, 17
MM, 12, 28, 7
MM, 16, 28, 16
MM, 22, 28, 16
MM, 24, 27, 25
MM, 28, 27, 16
MM, 33, 25, 24
MM, 614, 548, 24
MM, 615, 548, 7
MM, 616, 547, 16
MM, 617, 547, 88
MM, 618, 546, 16
MM, 619, 546, 8
MM, 617, 546, 73
MM, 615, 546, 7
MM, 30, 23, 16
MM, 26, 23, 16
MM, 22, 23, 16
MM, 20, 23, 16
MM, 18, 23, 8
MM, 16, 23, 24
MM, 15, 23, 24
MM, 14, 23, 40
MM, 13, 23, 16
MM, 12, 23, 16
MM, 12, 24, 297
MM, 16, 27, 15
MM, 597, 555, 17
MM, 30, 2, 16
MM, 605, 577, 23
MM, 613, 592, 24
MM, 1, 6, 16
MM, 20, 0, 24
MM, 26, 9, 16
MM, 28, 11, 24
MM, 28, 12, 8
MM, 29, 12, 64
MM, 30, 13, 16
MM, 646, 647, 57
MM, 646, 648, 23
MM, 647, 648, 16
MM, 648, 648, 33
MM, 0, 15, 15
MM, 12, 19, 24
MM, 18, 21, 24
MM, 20, 21, 9
MC, 1, 280
MM, 19, 21, 159
MM, 18, 21, 8
MM, 14, 18, 16
MM, 13, 18, 8
MM, 8, 16, 15
MM, 2, 15, 17
MM, 648, 647, 15
MM, 30, 13, 17
MM, 27, 13, 26
MM, 25, 13, 15
MM, 22, 13, 16
MM, 19, 12, 16
MM, 17, 12, 16
MM, 16, 12, 7
MM, 16, 11, 25
MM, 15, 11, 24
MM, 13, 11, 15
MM, 11, 10, 16
MM, 9, 10, 8
MM, 6, 9, 17
MM, 1, 9, 16
MM, 0, 8, 7
MM, 1, 8, 96
MM, 6, 8, 16
MM, 11, 8, 16
MM, 13, 8, 16
MM, 15, 8, 16
MM, 16, 8, 16
MM, 17, 8, 16
MM, 18, 7, 16
MM, 18, 6, 48
MM, 19, 6, 41
MM, 21, 5, 15
MM, 23, 4, 17
MM, 27, 3, 15
MM, 646, 636, 25
MM, 647, 635, 15
MM, 650, 634, 17
MM, 652, 633, 15
MM, 653, 633, 9
MM, 655, 633, 16
MM, 656, 632, 16
MM, 658, 631, 16
MM, 660, 630, 7
MM, 663, 628, 24
MM, 7, 30, 17
MM, 8, 29, 16
MM, 9, 28, 16
MM, 9, 27, 7
MM, 9, 26, 16
MM, 9, 25, 105
MM, 8, 25, 16
MM, 8, 24, 16
MM, 8, 23, 24
MM, 8, 22, 8
MM, 8, 20, 15
MM, 8, 18, 17
MM, 8, 17, 39
MM, 8, 15, 16
MM, 5, 15, 248
MM, 4, 15, 8
MM, 3, 15, 8
MM, 2, 15, 16
MM, 0, 15, 16
MM, 657, 612, 24
MM, 656, 612, 16
MM, 656, 611, 9
MM, 33, 14, 16
MM, 23, 13, 16
MM, 14, 13, 15
MM, 8, 13, 16
MM, 6, 13, 16
MM, 617, 610, 17
MM, 16, 14, 15
MM, 9, 7, 23
MM, 17, 0, 16
MM, 14, 27, 26
MM, 453, 583, 23
MM, 34, 21, 16
MM, 33, 21, 33
MM, 32, 20, 87
MM, 31, 20, 8
MM, 29, 19, 16
MM, 28, 19, 8
MM, 27, 19, 16
MM, 26, 19, 49
MM, 24, 19, 15
MM, 22, 19, 17
MM, 22, 18, 55
MM, 21, 18, 73
MC, 1, 176
MM, 22, 18, 55
MM, 23, 18, 9
MM, 27, 18, 15
MM, 451, 578, 17
MM, 7, 18, 15
MM, 30, 19, 24
MM, 10, 19, 16
MM, 28, 19, 16
MM, 10, 20, 16
MM, 30, 20, 24
MM, 9, 20, 17
MM, 8, 20, 23
MM, 23, 20, 16
MM, 30, 20, 25
MM, 645, 580, 15
MM, 647, 580, 24
MM, 0, 20, 41
MM, 1, 20, 23
MM, 3, 20, 64
MM, 4, 20, 16
MM, 5, 20, 16
MM, 6, 20, 152
MM, 7, 20, 24
MM, 8, 20, 32
MM, 9, 20, 25
MC, 1, 135
MM, 8, 20, 48
MM, 7, 20, 41
MM, 6, 20, 16
MM, 2, 22, 23
MM, 644, 585, 16
MM, 27, 29, 16
MM, 630, 593, 16
MM, 1, 0, 16
MM, 19, 4, 24
MM, 10, 6, 16
MM, 3, 7, 16
MM, 579, 605, 17
MM, 578, 605, 7
MM, 577, 605, 16
MM, 575, 606, 25
MM, 34, 9, 16
MM, 32, 9, 7
MM, 32, 10, 25
MM, 31, 10, 7
MM, 31, 11, 47
MM, 30, 12, 42
MM, 29, 12, 7
MM, 28, 13, 16
MM, 27, 15, 24
MM, 26, 20, 16
MM, 25, 22, 8
MM, 23, 24, 16
MM, 23, 25, 8
MM, 22, 25, 17
MM, 21, 26, 23
MM, 19, 26, 16
MM, 18, 26, 16
MM, 17, 27, 16
MM, 16, 28, 32
MM, 15, 28, 8
MM, 14, 29, 17
MM, 551, 628, 16
MM, 547, 631, 15
MM, 545, 631, 8
MM, 544, 632, 16
MM, 543, 632, 96
MM, 543, 633, 80
MM, 14, 2, 16
MM, 15, 7, 16
MM, 15, 9, 16
MM, 15, 11, 16
MM, 16, 11, 65
MM, 16, 11, 287
MM, 15, 10, 24
MM, 10, 8, 17
MM, 1, 4, 16
MM, 25, 1, 23
MM, 486, 633, 25
MM, 452, 630, 32
MM, 426, 629, 24
MM, 422, 628, 23
MM, 416, 628, 17
MM, 413, 628, 16
MM, 30, 30, 15
MM, 29, 30, 24
MM, 28, 30, 24
MM, 25, 30, 17
MM, 22, 30, 16
MM, 21, 30, 7
MM, 20, 30, 41
MM, 19, 30, 16
MM, 16, 30, 7
MM, 3, 30, 16
MM, 19, 30, 16
MM, 10, 29, 16
MM, 9, 28, 32
MM, 9, 27, 16
MM, 8, 27, 9
MM, 11, 27, 400
MM, 13, 26, 15
MM, 18, 25, 17
MM, 28, 22, 23
MM, 378, 617, 16
MM, 13, 17, 16
MM, 3, 13, 25
MM, 21, 9, 15
MM, 0, 8, 16
MM, 25, 5, 24
MM, 495, 601, 16
MM, 1, 3, 16
MM, 1, 2, 96
MM, 2, 2, 24
MM, 3, 0, 24
MM, 502, 596, 16
MM, 503, 595, 16
MM, 503, 593, 16
MM, 8, 29, 24
MM, 5, 25, 16
MM, 2, 20, 33
MM, 493, 579, 16
MM, 492, 578, 16
MM, 490, 577, 23
MM, 28, 16, 24
MM, 24, 15, 24
MM, 22, 15, 16
MM, 17, 13, 25
MM, 14, 13, 16
MM, 13, 13, 7
MM, 12, 13, 41
MC, 1, 224
MM, 11, 13, 103
MM, 7, 16, 16
MM, 3, 20, 16
MM, 454, 582, 16
MM, 451, 585, 16
MM, 34, 25, 9
MM, 32, 26, 23
MM, 30, 26, 32
MM, 28, 26, 16
MM, 28, 27, 9
MM, 26, 28, 23
MM, 26, 29, 25
MM, 25, 29, 15
MM, 24, 30, 40
MM, 438, 592, 24
MM, 437, 596, 24
MM, 15, 2, 33
MM, 15, 3, 63
MM, 15, 4, 8
MM, 15, 5, 65
MM, 16, 6, 16
MM, 17, 6, 87
MM, 17, 7, 16
MM, 19, 7, 200
MM, 23, 7, 24
MM, 27, 7, 16
MM, 457, 604, 25
MM, 5, 7, 23
MM, 16, 7, 25
MM, 29, 4, 23
MM, 516, 596, 25
MM, 538, 595, 24
MM, 544, 595, 15
MM, 551, 594, 16
MM, 556, 594, 16
MM, 564, 593, 24
MM, 583, 592, 24
MM, 590, 592, 16
MM, 595, 592, 24
MM, 596, 592, 24
MM, 597, 592, 16
MM, 599, 592, 17
MM, 601, 592, 8
MM, 604, 592, 23
MM, 610, 590, 25
MM, 5, 30, 15
MM, 17, 29, 24
MM, 21, 29, 16
MM, 22, 29, 16
MM, 24, 28, 25
MM, 25, 28, 16
MM, 27, 26, 15
MM, 28, 25, 8
MM, 642, 582, 24
MM, 644, 581, 17
MM, 646, 581, 23
MM, 647, 580, 16
MM, 2, 19, 16
MM, 12, 16, 40
MM, 14, 16, 16
MM, 15, 16, 57
MM, 11, 16, 207
MM, 9, 15, 24
MM, 7, 15, 16
MM, 6, 15, 7
MM, 647, 578, 25
MM, 28, 23, 15
MM, 628, 592, 17
MM, 617, 603, 23
MM, 30, 12, 16
MM, 20, 21, 25
MM, 12, 27, 15
MM, 587, 628, 8
MM, 6, 3, 17
MM, 566, 645, 24
MM, 31, 15, 15
MM, 28, 16, 16
MM, 22, 20, 16
MM, 16, 22, 16
MM, 13, 23, 9
MM, 9, 25, 25
MM, 8, 25, 7
MM, 4, 26, 16
MM, 3, 27, 8
MM, 528, 662, 24
MM, 526, 663, 16
MM, 523, 663, 16
MM, 34, 30, 16
MM, 33, 30, 8
MM, 518, 665, 24
MM, 515, 669, 16
MM, 111, 1, 16
MM, 108, 4, 16
MM, 107, 5, 15
MM, 107, 6, 58
MM, 107, 10, 15
MM, 106, 10, 8
MM, 106, 11, 8
MM, 106, 12, 24
MC, 1, 192
MM, 105, 12, 8
MM, 104, 11, 39
MM, 102, 9, 17
MM, 102, 8, 16
MM, 101, 8, 8
MM, 96, 5, 23
MM, 92, 3, 16
MM, 88, 0, 9
MM, 480, 668, 16
MM, 476, 666, 16
MM, 20, 27, 16
MM, 9, 23, 16
MM, 8, 22, 15
MM, 7, 21, 8
MM, 6, 21, 32
MM, 6, 20, 8
MM, 4, 18, 18
MM, 2, 16, 15
MM, 446, 644, 16
MM, 434, 628, 16
MM, 3, 19, 15
MM, 2, 17, 8
MM, 1, 17, 32
MM, 1, 16, 80
MM, 2, 16, 17
MM, 3, 16, 39
MM, 4, 16, 24
MM, 5, 16, 16
MM, 7, 16, 17
MM, 9, 16, 16
MM, 11, 17, 16
MM, 13, 17, 16
MM, 14, 17, 9
MM, 15, 17, 63
MM, 16, 17, 65
MC, 1, 119
MM, 15, 17, 32
MM, 14, 17, 16
MM, 13, 17, 9
MM, 11, 17, 23
MM, 8, 17, 16
MM, 4, 17, 16
MM, 1, 17, 16
MM, 417, 614, 16
MM, 28, 17, 24
MM, 9, 16, 23
MM, 375, 613, 16
MM, 13, 16, 16
MM, 3, 16, 25
MM, 2, 16, 23
MM, 3, 16, 361
MM, 5, 16, 17
MM, 7, 16, 16
MM, 10, 16, 23
MM, 11, 16, 8
MM, 13, 16, 24
MM, 14, 17, 16
MM, 16, 17, 24
MM, 18, 17, 16
MM, 19, 17, 16
MM, 20, 17, 24
MC, 1, 136
MM, 21, 17, 120
MM, 26, 17, 24
MM, 375, 617, 24
MM, 11, 27, 32
MM, 8, 6, 32
MM, 445, 663, 40
MM, 57, 3, 40
MM, 62, 7, 25
MM, 68, 12, 23
MM, 72, 14, 24
MM, 73, 15, 24
MM, 74, 16, 24
MM, 75, 16, 113
MC, 1, 175
MM, 75, 15, 65
MM, 75, 14, 16
MM, 76, 12, 31
MM, 76, 11, 24
MM, 476, 670, 48
MM, 26, 29, 32
MM, 24, 26, 25
MM, 24, 25, 16
MM, 23, 25, 39
MM, 22, 24, 80
MM, 21, 22, 249
MM, 26, 16, 23
MM, 485, 646, 32
MM, 17, 6, 32
MM, 34, 2, 24
MM, 540, 628, 33
MM, 6, 30, 23
MM, 15, 29, 25
MM, 22, 28, 32
MM, 25, 26, 16
MM, 31, 23, 39
MM, 576, 618, 24
MM, 580, 616, 24
MM, 0, 18, 16
MM, 4, 16, 41
MM, 14, 3, 23
MM, 31, 26, 25
MM, 34, 19, 31
MM, 34, 18, 41
MM, 34, 17, 31
MM, 605, 576, 16
MM, 606, 575, 32
MM, 607, 575, 16
MM, 609, 574, 48
MM, 610, 574, 24
MM, 0, 14, 40
MM, 5, 14, 31
MM, 8, 14, 17
MM, 9, 15, 31
MM, 9, 16, 170
MC, 1, 80
MM, 6, 16, 32
MM, 4, 16, 39
MM, 3, 16, 33
MM, 610, 577, 24
MM, 29, 23, 32
MM, 585, 592, 23
MM, 32, 1, 24
MM, 17, 12, 24
MM, 9, 17, 25
MM, 5, 20, 16
MM, 4, 21, 23
MM, 3, 22, 41
MM, 3, 23, 39
MM, 2, 25, 16
MM, 541, 628, 41
MM, 541, 630, 7
MM, 541, 631, 56
MM, 17, 7, 24
MM, 20, 16, 25
MM, 21, 17, 32
MM, 22, 17, 103
MM, 22, 18, 8
MC, 1, 184
MM, 20, 17, 47
MM, 18, 16, 32
MM, 15, 16, 24
MM, 7, 15, 25
MM, 21, 15, 32
MM, 28, 15, 33
MM, 444, 648, 24
MM, 16, 14, 23
MM, 11, 14, 25
MM, 12, 14, 272
MC, 1, 128
MM, 13, 14, 55
MM, 22, 11, 32
MM, 21, 2, 32
MM, 510, 632, 25
MM, 2, 29, 23
MM, 17, 26, 32
MM, 18, 25, 16
MM, 20, 25, 32
MM, 26, 23, 40
MM, 32, 19, 33
MM, 34, 17, 15
MM, 576, 613, 24
MM, 580, 609, 40
MM, 5, 6, 32
MM, 8, 3, 23
MM, 10, 2, 32
MM, 11, 2, 16
MM, 13, 0, 26
MM, 601, 593, 23
MM, 604, 591, 16
MM, 607, 588, 32
MM, 608, 588, 24
MM, 1, 27, 33
MM, 4, 25, 31
MM, 5, 24, 24
MM, 7, 24, 16
MM, 7, 23, 16
MM, 7, 22, 64
MM, 8, 22, 16
MM, 8, 22, 208
MM, 7, 21, 24
MM, 6, 21, 24
MM, 6, 20, 16
MM, 5, 20, 32
MM, 4, 20, 32
MM, 3, 20, 32
MM, 2, 20, 16
MM, 1, 20, 16
MM, 1, 21, 48
MM, 0, 21, 16
MM, 610, 583, 24
MM, 608, 585, 39
MM, 608, 586, 17
MM, 606, 589, 31
MM, 605, 590, 26
MM, 34, 30, 16
MM, 604, 591, 23
MM, 604, 592, 512
MM, 23, 0, 25
MM, 21, 8, 23
MM, 20, 14, 16
MM, 15, 24, 25
MM, 13, 28, 23
MM, 10, 30, 25
MM, 589, 628, 23
MM, 588, 630, 32
MM, 587, 630, 136
MM, 586, 630, 104
MM, 586, 631, 217
MM, 13, 4, 32
MM, 8, 12, 39
MM, 6, 18, 34
MM, 5, 25, 30
MM, 569, 673, 41
MM, 567, 679, 32
MM, 566, 683, 39
MM, 161, 20, 32
MM, 155, 25, 32
MM, 153, 26, 25
MM, 148, 28, 32
MM, 143, 29, 23
MM, 139, 29, 32
MM, 137, 30, 25
MM, 136, 30, 16
MM, 134, 30, 32
MM, 133, 30, 63
MM, 133, 29, 152
MM, 132, 29, 24
MM, 132, 28, 16
MM, 131, 25, 40
MM, 130, 23, 16
MM, 129, 22, 24
MM, 128, 22, 312
MM, 127, 22, 48
MM, 126, 22, 24
MM, 125, 21, 705
MM, 123, 18, 31
MM, 120, 15, 24
MM, 116, 12, 25
MM, 111, 8, 23
MM, 104, 4, 32
MM, 99, 2, 16
MM, 97, 2, 32
MM, 95, 1, 9
MM, 92, 0, 32
MM, 486, 668, 15
MM, 21, 25, 32
MM, 18, 22, 8
MM, 3, 12, 24
MM, 437, 631, 16
MM, 0, 19, 16
MM, 27, 5, 24
MM, 398, 592, 40
MM, 25, 30, 9
MM, 24, 29, 63
MM, 23, 29, 64
MM, 22, 28, 104
MM, 20, 24, 17
MM, 19, 24, 39
MM, 19, 23, 25
MC, 1, 232
MM, 18, 24, 152
MM, 16, 24, 15
MM, 14, 25, 15
MM, 11, 27, 24
MM, 8, 27, 16
MM, 6, 28, 17
MM, 4, 30, 31
MM, 2, 30, 25
MM, 373, 591, 16
MM, 372, 591, 32
MM, 371, 591, 24
MM, 369, 592, 32
MM, 368, 593, 16
MM, 366, 595, 48
MM, 364, 595, 25
MM, 364, 596, 48
MM, 24, 1, 23
MM, 23, 3, 32
MM, 23, 4, 18
MM, 24, 8, 30
MM, 24, 9, 16
MM, 24, 10, 159
MC, 1, 177
MM, 25, 10, 64
MM, 26, 10, 40
MM, 27, 10, 8
MM, 30, 10, 32
MM, 32, 10, 16
MM, 378, 607, 24
MM, 4, 10, 24
MM, 7, 10, 16
MM, 12, 10, 16
MM, 14, 10, 16
MM, 18, 10, 16
MM, 20, 9, 16
MM, 21, 9, 16
MM, 22, 9, 16
MM, 23, 9, 24
MM, 24, 9, 16
MM, 25, 9, 112
MC, 1, 152
MM, 26, 9, 192
MM, 28, 10, 16
MM, 34, 16, 24
MM, 3, 26, 17
MM, 5, 24, 23
MM, 72, 13, 24
MM, 79, 22, 24
MM, 81, 24, 16
MM, 81, 23, 312
MM, 81, 22, 48
MC, 1, 272
MM, 81, 21, 160
MM, 81, 19, 40
MM, 81, 18, 16
MM, 83, 16, 15
MM, 84, 13, 17
MM, 86, 9, 16
MM, 87, 7, 16
MM, 88, 6, 16
MM, 89, 6, 32
MM, 89, 5, 40
MM, 91, 5, 24
MM, 94, 2, 24
MM, 95, 1, 23
MM, 495, 669, 41
MM, 7, 27, 32
MM, 7, 18, 23
MM, 4, 14, 33
MM, 485, 640, 32
MM, 482, 635, 24
MM, 482, 634, 23
MM, 32, 0, 138
MM, 472, 628, 32
MM, 2, 28, 23
MM, 31, 24, 32
MM, 26, 22, 40
MM, 25, 22, 40
MM, 24, 22, 25
MM, 21, 20, 16
MM, 20, 20, 23
MM, 19, 19, 48
MM, 18, 19, 25
MC, 1, 407
MM, 18, 18, 105
MM, 23, 17, 31
MM, 456, 611, 32
MM, 19, 11, 48
MM, 497, 604, 23
MM, 25, 3, 33
MM, 0, 0, 26
MM, 544, 596, 15
MM, 545, 596, 24
MM, 545, 595, 40
MM, 545, 594, 80
MM, 545, 593, 15
MM, 14, 28, 24
MM, 12, 22, 40
MM, 11, 16, 32
MM, 11, 15, 17
MM, 12, 15, 144
MC, 1, 103
MM, 11, 15, 32
MM, 7, 15, 41
MM, 530, 575, 23
MM, 26, 16, 25
MM, 14, 17, 32
MM, 0, 20, 32
MM, 18, 25, 32
MM, 455, 591, 31
MM, 442, 595, 32
MM, 12, 0, 32
MM, 6, 1, 24
MM, 416, 599, 41
MM, 33, 3, 31
MM, 32, 3, 48
MM, 31, 3, 17
MM, 30, 3, 15
MM, 29, 3, 40
MM, 27, 3, 73
MM, 26, 4, 23
MM, 25, 4, 16
MM, 25, 5, 192
MC, 1, 153
MM, 27, 5, 48
MM, 29, 5, 23
MM, 32, 5, 16
MM, 415, 601, 16
MM, 1, 3, 25
MM, 8, 3, 16
MM, 1, 2, 39
MM, 2, 2, 48
MM, 31, 2, 41
MM, 19, 2, 32
MM, 575, 599, 55
MM, 14, 4, 32
MM, 656, 612, 41
MM, 12, 17, 39
MM, 19, 17, 57
MM, 23, 16, 23
MM, 30, 16, 41
MM, 691, 613, 25
MM, 692, 613, 14
MM, 691, 613, 112
MM, 29, 15, 32
MM, 24, 14, 41
MM, 22, 14, 39
MM, 19, 13, 32
MM, 15, 13, 41
MM, 13, 13, 23
MM, 11, 13, 272
MM, 9, 12, 25
MM, 5, 10, 39
MM, 655, 606, 32
MM, 23, 8, 48
MM, 10, 10, 32
MM, 612, 607, 40
MM, 16, 10, 24
MM, 29, 9, 31
MM, 10, 5, 41
MM, 461, 602, 40
MM, 28, 5, 33
MM, 27, 5, 15
MM, 27, 4, 240
MM, 27, 1, 41
MM, 27, 0, 31
MM, 448, 596, 33
MM, 448, 593, 23
MM, 448, 592, 9
MM, 447, 591, 32
MM, 32, 30, 63
MM, 31, 28, 24
MM, 29, 26, 40
MM, 27, 24, 17
MM, 27, 23, 16
MM, 26, 23, 32
MM, 25, 23, 184
MC, 1, 248
MM, 26, 24, 144
MM, 27, 29, 39
MM, 442, 593, 16
MM, 22, 2, 32
MM, 22, 6, 32
MM, 22, 10, 25
MM, 22, 11, 15
MM, 22, 14, 32
MM, 20, 23, 32
MM, 18, 28, 24
MM, 17, 28, 16
MM, 16, 29, 32
MM, 12, 30, 24
MM, 430, 628, 17
MM, 425, 630, 39
MM, 423, 630, 16
MM, 420, 631, 24
MM, 418, 631, 24
MM, 416, 631, 32
MM, 1, 0, 32
MM, 406, 635, 24
MM, 406, 636, 24
MM, 405, 637, 88
MM, 403, 639, 24
MM, 32, 6, 32
MM, 31, 6, 80
MM, 27, 8, 32
MM, 26, 8, 57
MM, 26, 9, 199
MC, 1, 145
MM, 27, 9, 88
MM, 28, 8, 23
MM, 29, 8, 9
MM, 32, 7, 39
MM, 407, 640, 32
MM, 3, 5, 24
MM, 15, 1, 40
MM, 435, 631, 25
MM, 33, 28, 31
MM, 8, 25, 40
MM, 20, 22, 32
MM, 497, 617, 32
MM, 9, 18, 40
MM, 18, 16, 33
MM, 2, 13, 23
MM, 32, 11, 32
MM, 3, 9, 32
MM, 17, 7, 32
MM, 27, 4, 32
MM, 614, 599, 32
MM, 617, 596, 40
MM, 623, 593, 32
MM, 626, 592, 26
MM, 626, 591, 70
MM, 15, 30, 24
MM, 15, 29, 16
MM, 15, 26, 32
MM, 15, 24, 16
MM, 15, 21, 32
MM, 15, 20, 41
MM, 15, 19, 70
MM, 13, 19, 209
MM, 12, 19, 16
MM, 7, 19, 48
MM, 609, 579, 16
MM, 27, 23, 24
MM, 577, 592, 32
MM, 9, 9, 32
MM, 7, 22, 40
MM, 469, 631, 32
MM, 22, 9, 32
MM, 404, 650, 25
MM, 29, 17, 31
MM, 31, 17, 241
MM, 406, 652, 32
MM, 1, 18, 23
MM, 8, 18, 32
MM, 11, 18, 16
MM, 13, 18, 16
MM, 14, 18, 32
MM, 14, 17, 48
MC, 1, 216
MM, 15, 17, 288
MM, 16, 17, 216
MM, 448, 654, 32
MM, 31, 20, 25
MM, 7, 19, 39
MM, 20, 19, 40
MM, 0, 19, 40
MM, 1, 19, 32
MM, 2, 19, 80
MM, 3, 19, 24
MM, 4, 18, 24
MM, 5, 18, 25
MM, 6, 18, 199
MC, 1, 121
MM, 5, 18, 23
MM, 3, 18, 73
MM, 1, 18, 23
MM, 611, 653, 25
MM, 21, 28, 48
MM, 576, 668, 32
MM, 163, 2, 39
MM, 157, 3, 16
MM, 142, 4, 32
MM, 132, 5, 32
MM, 126, 7, 25
MM, 123, 8, 23
MM, 122, 8, 16
MM, 119, 9, 48
MM, 117, 9, 25
MM, 115, 11, 32
MM, 114, 14, 32
MM, 111, 19, 31
MM, 111, 20, 72
MC, 1, 312
MM, 111, 19, 145
MM, 110, 16, 23
MM, 109, 10, 24
MM, 106, 1, 32
MM, 16, 29, 24
MM, 12, 19, 24
MM, 12, 18, 16
MM, 12, 17, 39
MM, 12, 15, 32
MM, 13, 12, 26
MM, 16, 12, 23
MM, 18, 11, 25
MM, 18, 10, 87
MM, 12, 8, 31
MM, 7, 30, 33
MM, 29, 24, 32
MM, 5, 16, 32
MM, 31, 13, 32
MM, 25, 12, 32
MM, 21, 11, 41
MM, 15, 11, 32
MM, 5, 11, 16
MM, 378, 608, 15
MM, 31, 11, 33
MM, 30, 11, 31
MM, 28, 11, 24
MM, 27, 11, 9
MM, 26, 11, 16
MM, 25, 11, 16
MM, 25, 12, 23
MM, 24, 12, 9
MM, 22, 13, 16
MM, 22, 14, 39
MM, 24, 15, 304
MM, 25, 15, 25
MM, 27, 15, 16
MM, 31, 15, 24
MM, 375, 612, 16
MM, 4, 16, 15
MM, 1, 25, 41
MM, 461, 632, 39
MM, 10, 6, 42
MM, 28, 10, 38
MM, 31, 10, 40
MM, 523, 646, 33
MM, 3, 15, 32
MM, 8, 17, 32
MM, 9, 17, 7
MM, 14, 17, 80
MM, 16, 17, 32
MM, 18, 16, 16
MM, 19, 16, 8
MC, 1, 226
MM, 17, 15, 30
MM, 13, 13, 41
MM, 5, 11, 47
MM, 32, 10, 41
MM, 24, 9, 23
MM, 12, 5, 32
MM, 3, 2, 32
MM, 484, 634, 32
MM, 475, 630, 32
MM, 3, 28, 32
MM, 461, 624, 41
MM, 32, 22, 40
MM, 27, 19, 31
MM, 26, 18, 25
MM, 25, 18, 39
MM, 24, 18, 32
MC, 1, 184
MM, 25, 18, 104
MM, 26, 19, 16
MM, 7, 1, 41
MM, 13, 16, 16
MM, 469, 670, 23
MM, 75, 14, 32
MM, 76, 19, 48
MM, 77, 22, 25
MM, 77, 23, 7
MC, 1, 321
MM, 77, 22, 63
MM, 85, 16, 49
MM, 99, 7, 40
MM, 6, 5, 96
MM, 14, 3, 48
MM, 16, 2, 23
MM, 17, 1, 32
MM, 20, 0, 32
MM, 549, 633, 64
MM, 549, 631, 24
MM, 549, 628, 39
MM, 9, 28, 33
MM, 9, 23, 32
MM, 9, 21, 16
MM, 9, 20, 25
MM, 9, 18, 16
MM, 9, 17, 16
MM, 10, 17, 65
MM, 10, 17, 165
MM, 9, 17, 25
MM, 7, 16, 17
MM, 3, 14, 16
MM, 534, 607, 16
MM, 19, 5, 23
MM, 4, 0, 32
MM, 495, 596, 24
MM, 3, 27, 32
MM, 0, 15, 24
MM, 22, 13, 32
MM, 21, 12, 25
MM, 22, 12, 198
MM, 23, 12, 33
MM, 26, 14, 24
MM, 32, 16, 24
MM, 410, 577, 24
MM, 411, 577, 8
MM, 414, 577, 23
MM, 7, 18, 50
MM, 10, 18, 15
MM, 11, 18, 24
MM, 13, 18, 57
MM, 14, 18, 16
MM, 15, 18, 15
MM, 16, 18, 39
MM, 17, 18, 25
MM, 18, 18, 49
MC, 1, 111
MM, 21, 21, 129
MM, 29, 9, 32
MM, 21, 20, 64
MM, 25, 28, 55
MM, 78, 0, 41
MM, 80, 4, 71
MM, 86, 17, 40
MM, 88, 20, 24
MM, 89, 21, 25
MC, 1, 279
MM, 92, 18, 65
MM, 104, 11, 31
MM, 521, 668, 56
MM, 2, 18, 40
MM, 554, 628, 48
MM, 26, 23, 26
MM, 34, 18, 30
MM, 579, 611, 39
MM, 2, 11, 32
MM, 12, 6, 41
MM, 21, 2, 24
MM, 27, 0, 24
MM, 613, 594, 16
MM, 618, 592, 40
MM, 620, 591, 16
MM, 624, 591, 24
MM, 8, 22, 209
MM, 9, 20, 32
MM, 12, 18, 32
MM, 14, 17, 32
MM, 15, 16, 16
MM, 12, 17, 224
MM, 8, 17, 32
MM, 646, 578, 23
MM, 27, 18, 16
MM, 9, 23, 32
MM, 610, 586, 24
MM, 31, 30, 17
MM, 586, 593, 23
MM, 20, 1, 32
MM, 9, 2, 16
MM, 32, 6, 32
MM, 19, 9, 24
MM, 8, 10, 17
MM, 26, 12, 23
MM, 15, 12, 25
MM, 11, 12, 16
MM, 9, 12, 15
MM, 8, 12, 48
MC, 1, 265
MM, 9, 11, 103
MM, 12, 8, 16
MM, 18, 4, 17
MM, 499, 592, 32
MM, 16, 28, 31
MM, 21, 26, 32
MM, 26, 24, 24
MM, 526, 581, 32
MM, 527, 581, 16
MM, 528, 581, 48
MM, 528, 580, 8
MP, 1, 121
MR, 1, 111
MM, 29, 20, 16
MM, 28, 20, 24
MM, 27, 20, 40
MM, 26, 20, 32
MM, 25, 20, 32
MM, 24, 20, 41
MM, 23, 20, 151
MM, 22, 21, 160
MM, 21, 21, 33
MM, 18, 21, 40
MM, 10, 21, 32
MM, 490, 580, 31
MM, 14, 19, 33
MM, 3, 19, 23
MM, 2, 19, 25
MM, 450, 579, 48
MM, 13, 19, 32
MM, 8, 18, 32
MM, 7, 18, 7
MC, 1, 297
MM, 8, 18, 95
MM, 10, 18, 15
MM, 18, 21, 33
MM, 30, 27, 24
MM, 458, 594, 24
MM, 8, 3, 24
MM, 21, 8, 24
MM, 497, 611, 24
MM, 4, 16, 24
MM, 12, 19, 33
MM, 18, 22, 32
MM, 19, 23, 48
MM, 24, 29, 23
MM, 527, 632, 25
MM, 1, 2, 23
MM, 2, 2, 48
MM, 6, 6, 32
MM, 13, 13, 24
MM, 17, 15, 15
MM, 17, 16, 17
MM, 18, 16, 88
MC, 1, 225
MM, 18, 17, 136
MM, 15, 24, 31
MM, 13, 29, 24
MM, 538, 669, 25
MM, 134, 8, 23
MM, 133, 13, 25
MM, 132, 13, 7
MC, 1, 328
MM, 130, 12, 57
MM, 520, 669, 39
MM, 489, 633, 49
MM, 20, 26, 23
MM, 16, 23, 25
MM, 9, 18, 23
MM, 4, 16, 24
MM, 31, 10, 32
MM, 1, 1, 32
MM, 404, 595, 33
MM, 402, 595, 31
MM, 400, 594, 33
MM, 397, 593, 23
MM, 396, 593, 24
MM, 396, 592, 16
MM, 394, 591, 56
MM, 21, 29, 41
MM, 20, 28, 23
MC, 1, 312
MM, 25, 28, 48
MM, 19, 27, 40
MM, 452, 587, 31
MM, 4, 27, 33
MM, 6, 27, 16
MM, 7, 27, 32
MM, 13, 26, 40
MM, 17, 25, 36
MM, 20, 23, 29
MM, 21, 23, 16
MM, 21, 22, 23
MC, 1, 201
MM, 23, 22, 71
MM, 2, 20, 32
MM, 3, 19, 41
MM, 4, 17, 39
MM, 32, 14, 32
MM, 4, 13, 41
MM, 7, 12, 23
MM, 13, 11, 49
MM, 19, 11, 24
MM, 22, 11, 23
MM, 26, 11, 32
MM, 642, 571, 64
MM, 5, 16, 32
MM, 12, 18, 32
MM, 13, 18, 9
MM, 14, 18, 39
MM, 15, 18, 48
MM, 16, 18, 9
MM, 16, 19, 65
MM, 14, 19, 134
MM, 6, 19, 56
MM, 28, 18, 24
MM, 5, 18, 32
MM, 28, 17, 25
MM, 569, 577, 47
MM, 22, 17, 33
MM, 5, 17, 39
MM, 527, 577, 32
MM, 27, 16, 32
MM, 16, 14, 32
MM, 7, 14, 32
MM, 5, 13, 16
MM, 6, 13, 128
MC, 1, 112
MM, 5, 13, 153
MM, 488, 573, 32
MM, 27, 13, 23
MM, 21, 12, 25
MM, 15, 11, 25
MM, 12, 11, 23
MM, 11, 11, 7
MM, 9, 11, 25
MM, 8, 11, 55
MM, 6, 11, 16
MM, 4, 11, 16
MM, 2, 11, 32
MM, 455, 571, 32
MM, 454, 571, 32
MM, 451, 571, 32
MM, 32, 11, 25
MM, 29, 11, 63
MM, 28, 11, 80
MM, 27, 11, 40
MM, 26, 11, 24
MC, 1, 296
MM, 27, 11, 88
MM, 28, 11, 24
MM, 0, 3, 88
MM, 4, 14, 32
MM, 8, 24, 24
MM, 473, 633, 33
MM, 27, 13, 40
MM, 29, 21, 23
MM, 30, 24, 32
MM, 483, 667, 112
MM, 485, 669, 40
MM, 86, 0, 80
MM, 90, 11, 23
MM, 91, 14, 32
MM, 92, 15, 121
MM, 93, 15, 136
MC, 1, 128
MM, 93, 14, 168
MM, 94, 13, 16
MM, 95, 11, 17
MM, 97, 9, 23
MM, 98, 8, 32
MM, 104, 0, 96
MM, 507, 667, 25
MM, 22, 30, 31
MM, 22, 29, 113
MM, 22, 28, 103
MM, 21, 26, 32
MM, 20, 25, 25
MM, 20, 22, 23
MM, 19, 19, 25
MM, 17, 17, 23
MM, 17, 16, 9
MC, 1, 256
MM, 16, 16, 63
MM, 14, 14, 32
MM, 5, 11, 40
MM, 483, 643, 32
MM, 17, 8, 41
MM, 0, 8, 39
MM, 22, 6, 32
MM, 0, 0, 32
MM, 401, 632, 24
MM, 399, 631, 8
MM, 397, 630, 32
MM, 394, 629, 24
MM, 391, 628, 24
MM, 10, 30, 16
MM, 8, 29, 24
MM, 6, 28, 17
MM, 0, 25, 23
MM, 34, 22, 41
MM, 31, 21, 23
MM, 30, 20, 32
MM, 28, 20, 16
MM, 27, 19, 32
MM, 25, 19, 24
MM, 24, 18, 17
MM, 20, 17, 32
MM, 17, 16, 31
MM, 17, 15, 8
MM, 16, 15, 48
MC, 1, 233
MM, 18, 15, 79
MM, 20, 16, 16
MM, 31, 20, 33
MM, 375, 618, 23
MM, 4, 25, 32
MM, 13, 29, 32
MM, 402, 632, 32
MM, 406, 634, 40
MM, 5, 4, 40
MM, 20, 14, 48
MM, 22, 15, 16
MM, 23, 15, 105
MM, 23, 16, 7
MM, 24, 16, 40
MC, 1, 288
MM, 25, 16, 88
MM, 28, 14, 25
MM, 9, 11, 31
MM, 484, 641, 33
MM, 12, 5, 23
MM, 29, 5, 18
MM, 28, 4, 30
MM, 26, 2, 41
MM, 31, 1, 31
MM, 37, 0, 32
MM, 609, 633, 24
MM, 614, 631, 41
MM, 2, 30, 32
MM, 3, 29, 16
MM, 4, 27, 56
MM, 5, 25, 24
MM, 6, 24, 16
MM, 6, 23, 39
MM, 7, 23, 56
MM, 8, 20, 40
MC, 1, 273
MM, 3, 19, 39
MM, 27, 17, 40
MM, 2, 13, 40
MM, 14, 11, 34
MM, 24, 9, 31
MM, 10, 5, 39
MM, 11, 1, 32
MM, 404, 595, 40
MM, 403, 595, 49
MM, 403, 594, 16
MM, 399, 593, 32
MM, 400, 592, 119
MM, 401, 592, 25
MM, 401, 591, 7
MM, 30, 30, 56
MM, 30, 29, 40
MM, 30, 28, 41
MM, 31, 24, 39
MM, 31, 21, 41
MM, 30, 21, 71
MC, 1, 240
MM, 29, 21, 80
MM, 28, 21, 32
MM, 24, 21, 16
MM, 19, 23, 16
MM, 13, 25, 24
MM, 10, 26, 17
MM, 8, 27, 39
MM, 5, 30, 48
MM, 374, 595, 24
MM, 34, 1, 33
MM, 33, 1, 55
MM, 32, 1, 63
MM, 32, 2, 49
MM, 31, 2, 24
MM, 31, 3, 24
MM, 28, 6, 32
MM, 27, 6, 9
MM, 29, 7, 431
MM, 376, 604, 16
MM, 10, 6, 24
MM, 27, 6, 32
MM, 4, 5, 32
MM, 23, 3, 32
MM, 33, 1, 32
MM, 34, 1, 24
MM, 456, 598, 8
MM, 456, 597, 73
MM, 457, 597, 55
MM, 457, 596, 24
MM, 458, 596, 8
MM, 459, 594, 40
MM, 460, 593, 16
MM, 7, 30, 33
MM, 10, 29, 16
MM, 11, 28, 55
MM, 11, 27, 16
MM, 12, 27, 24
MM, 12, 26, 17
MM, 12, 25, 103
MM, 12, 24, 25
MM, 12, 22, 39
MC, 1, 304
MM, 7, 24, 41
MM, 450, 596, 55
MM, 20, 7, 41
MM, 17, 10, 39
MM, 15, 11, 16
MM, 14, 12, 24
MM, 13, 12, 57
MM, 13, 13, 120
MC, 1, 144
MM, 12, 13, 64
MM, 7, 13, 23
MM, 418, 610, 25
MM, 31, 13, 32
MM, 25, 13, 32
MM, 6, 13, 32
MM, 376, 610, 31
MM, 32, 13, 24
MM, 29, 13, 32
MM, 31, 13, 264
MM, 34, 13, 24
MM, 379, 610, 32
MM, 4, 13, 24
MM, 8, 13, 32
MM, 11, 13, 24
MM, 12, 13, 41
MM, 13, 13, 30
MM, 14, 13, 9
MM, 15, 13, 105
MC, 1, 144
MM, 17, 13, 79
MM, 34, 11, 32
MM, 14, 11, 24
MM, 27, 11, 41
MM, 34, 12, 48
MM, 25, 16, 23
MM, 718, 622, 32
MM, 736, 624, 32
MM, 746, 624, 64
MM, 3, 16, 25
MM, 41, 21, 23
MM, 77, 27, 24
MM, 909, 648, 32
MM, 912, 649, 8
MM, 911, 649, 152
MM, 908, 649, 17
MM, 903, 647, 32
MM, 897, 645, 32
MM, 891, 643, 23
MM, 879, 639, 32
MM, 870, 635, 25
MM, 81, 20, 39
MM, 74, 19, 25
MM, 71, 19, 39
MM, 68, 19, 32
MM, 66, 19, 16
MM, 65, 19, 425
MM, 62, 19, 16
MM, 61, 19, 23
MM, 54, 19, 41
MM, 15, 22, 39
MM, 750, 636, 24
MM, 719, 637, 32
MM, 718, 637, 17
MM, 716, 638, 64
MM, 712, 640, 16
MM, 711, 641, 16
MM, 710, 641, 16
MM, 709, 642, 71
MM, 707, 644, 16
MM, 705, 645, 41
MM, 699, 647, 31
MM, 693, 648, 40
MM, 28, 14, 32
MM, 21, 14, 25
MM, 19, 14, 39
MM, 18, 14, 25
MM, 16, 14, 39
MM, 15, 13, 16
MM, 14, 12, 40
MM, 13, 12, 49
MC, 1, 224
MM, 14, 12, 127
MM, 17, 12, 24
MM, 686, 646, 32
MM, 716, 643, 48
MM, 733, 641, 41
MM, 743, 641, 23
MM, 749, 641, 32
MM, 752, 641, 24
MM, 755, 641, 40
MM, 757, 642, 25
MM, 761, 642, 31
MM, 768, 642, 48
MM, 2, 30, 33
MM, 13, 26, 48
MM, 16, 25, 32
MM, 17, 24, 31
MM, 23, 21, 32
MM, 24, 19, 16
MM, 25, 19, 128
